
time,npos,epos,alt,phi,theta,psi,vel,alpha,beta,p,q,r,nx,ny,nz,mach,qbar,ps,thrust,ele,ail,rud

 0.00000, 0.00000, 0.00000, 0.00000, 0.00000, 0.00000, 0.00000, 0.00000, 0.00000, 0.00000, 0.00000, 0.00000, 0.00000, 0.00000, 0.00000, 0.00000, 0.00000, 0.00000, 0.00000, 0.00000,2109.41287,-2.24415,-0.09358, 0.09447,
 0.10000, 0.00000, 0.00000, 0.00000, 0.00000, 0.00000, 0.00000, 0.00000, 0.00000, 0.00000, 0.00000, 0.00000, 0.00000, 0.00000, 0.00000, 0.00000, 0.00000, 0.00000, 0.00000, 0.00000,2109.41287,-2.24415,-0.09358, 0.09447,
 0.20000, 0.00000, 0.00000, 0.00000, 0.00000, 0.00000, 0.00000, 0.00000, 0.00000, 0.00000, 0.00000, 0.00000, 0.00000, 0.00000, 0.00000, 0.00000, 0.00000, 0.00000, 0.00000, 0.00000,2109.41287,-2.24415,-0.09358, 0.09447,
 0.30000, 0.00000, 0.00000, 0.00000, 0.00000, 0.00000, 0.00000, 0.00000, 0.00000, 0.00000, 0.00000, 0.00000, 0.00000, 0.00000, 0.00000, 0.00000, 0.00000, 0.00000, 0.00000, 0.00000,2109.41287,-2.24415,-0.09358, 0.09447,
 0.40000, 0.00000, 0.00000, 0.00000, 0.00000, 0.00000, 0.00000, 0.00000, 0.00000, 0.00000, 0.00000, 0.00000, 0.00000, 0.00000, 0.00000, 0.00000, 0.00000, 0.00000, 0.00000, 0.00000,2109.41287,-2.24415,-0.09358, 0.09447,
 0.50000, 0.00000, 0.00000, 0.00000, 0.00000, 0.00000, 0.00000, 0.00000, 0.00000, 0.00000, 0.00000, 0.00000, 0.00000, 0.00000, 0.00000, 0.00000, 0.00000, 0.00000, 0.00000, 0.00000,2109.41287,-2.24415,-0.09358, 0.09447,
 0.60000, 0.00000, 0.00000, 0.00000, 0.00000, 0.00000, 0.00000, 0.00000, 0.00000, 0.00000, 0.00000, 0.00000, 0.00000, 0.00000, 0.00000, 0.00000, 0.00000, 0.00000, 0.00000, 0.00000,2109.41287,-2.24415,-0.09358, 0.09447,
 0.70000, 0.00000, 0.00000, 0.00000, 0.00000, 0.00000, 0.00000, 0.00000, 0.00000, 0.00000, 0.00000, 0.00000, 0.00000, 0.00000, 0.00000, 0.00000, 0.00000, 0.00000, 0.00000, 0.00000,2109.41287,-2.24415,-0.09358, 0.09447,
 0.80000, 0.00000, 0.00000, 0.00000, 0.00000, 0.00000, 0.00000, 0.00000, 0.00000, 0.00000, 0.00000, 0.00000, 0.00000, 0.00000, 0.00000, 0.00000, 0.00000, 0.00000, 0.00000, 0.00000,2109.41287,-2.24415,-0.09358, 0.09447,
 0.90000, 0.00000, 0.00000, 0.00000, 0.00000, 0.00000, 0.00000, 0.00000, 0.00000, 0.00000, 0.00000, 0.00000, 0.00000, 0.00000, 0.00000, 0.00000, 0.00000, 0.00000, 0.00000, 0.00000,2109.41287,-2.24415,-0.09358, 0.09447,
<<<<<<< Updated upstream
 1.00000, 0.00000, 0.00000, 0.00000, 0.00000, 0.00000, 0.00000, 0.00000, 0.00000, 0.00000, 0.00000, 0.00000, 0.00000, 0.00004, 0.00000, 0.00029, 0.00000, 0.00000, 0.00000,-0.00051,2109.41287, 2.75585,-0.09358, 0.09447,
 1.10000, 0.00049, 0.00001, 0.00643,-0.00059,-0.07248, 0.00095, 0.01380,-0.08981,-0.00096,-0.01623,-1.87969, 0.02462, 0.01047, 0.00030, 0.04909, 0.00001, 0.01030,-0.00031,-0.19823,2109.41287, 2.75585,-0.09358, 0.09447,
 1.20000, 0.00355, 0.00013, 0.02547,-0.00259,-0.40447, 0.00531, 0.05206,-0.42492,-0.00520,-0.02706,-4.77118, 0.06217, 0.00606, 0.00142,-0.04503, 0.00005, 0.03885,-0.00123,-0.30060,2109.41287, 2.75585,-0.09358, 0.09447,
 1.30000, 0.01209, 0.00072, 0.02894,-0.00403,-1.02106, 0.01325, 0.12605,-0.99969,-0.01242,-0.00824,-7.51362, 0.09483,-0.00262, 0.00336,-0.18891, 0.00012, 0.09427,-0.00139,-0.41966,2109.41287, 2.75585,-0.09358, 0.09447,
 1.40000, 0.03045, 0.00238,-0.02904,-0.00148,-1.89653, 0.02400, 0.25083,-1.77428,-0.02129, 0.04891,-9.93935, 0.11762,-0.01368, 0.00593,-0.36298, 0.00024, 0.18812, 0.00140,-0.56363,2109.41287, 2.75585,-0.09358, 0.09447,
 1.50000, 0.06441, 0.00596,-0.20436, 0.00891,-2.99741, 0.03644, 0.44002,-2.70585,-0.03016, 0.14550,-12.02028, 0.12836,-0.02641, 0.00893,-0.55809, 0.00042, 0.33094, 0.00985,-0.72780,2109.41287, 2.75585,-0.09358, 0.09447,
 1.60000, 0.12099, 0.01249,-0.55972, 0.03079,-4.28904, 0.04932, 0.70519,-3.75331,-0.03730, 0.27692,-13.75517, 0.12634,-0.04032, 0.01216,-0.76703, 0.00067, 0.53179, 0.02698,-0.90624,2109.41287, 2.75585,-0.09358, 0.09447,
 1.70000, 0.20829, 0.02311,-1.16231, 0.06713,-5.73722, 0.06138, 1.05575,-4.87857,-0.04109, 0.43430,-15.15345, 0.11216,-0.05494, 0.01542,-0.98340, 0.00100, 0.79813, 0.05602,-1.09330,2109.41287, 2.75585,-0.09358, 0.09447,
 1.80000, 0.33524, 0.03908,-2.08176, 0.11988,-7.30906, 0.07148, 1.49906,-6.04704,-0.04014, 0.60595,-16.23159, 0.08751,-0.06988, 0.01855,-1.20154, 0.00142, 1.13590, 0.10034,-1.28385,2109.41287, 2.75585,-0.09358, 0.09447,
 1.90000, 0.51138, 0.06170,-3.38828, 0.18973,-8.97358, 0.07867, 2.04056,-7.22804,-0.03345, 0.77885,-17.01126, 0.05496,-0.08478, 0.02140,-1.41652, 0.00193, 1.54959, 0.16331,-1.47335,2109.41287, 2.75585,-0.09358, 0.09447,
 2.00000, 0.74674, 0.09228,-5.15108, 0.27611,-10.70220, 0.08234, 2.68389,-8.39491,-0.02043, 0.93995,-17.51775, 0.01770,-0.09934, 0.02387,-1.62415, 0.00253, 2.04237, 0.24827,-1.65787,2109.41287, 2.75585,-0.09358, 0.09447,
 2.10000, 1.05162, 0.13211,-7.43703, 0.37720,-12.46895, 0.08219, 3.43110,-9.52509,-0.00098, 1.07732,-17.77885,-0.02076,-0.11331, 0.02591,-1.82098, 0.00323, 2.61617, 0.35844,-1.83415,2109.41287, 2.75585,-0.09358, 0.09447,
 2.20000, 1.43645, 0.18241,-10.30955, 0.49013,-14.25076, 0.07826, 4.28281,-10.60000, 0.02454, 1.18111,-17.82368,-0.05687,-0.12648, 0.02749,-2.00428, 0.00404, 3.27184, 0.49689,-1.99953,2109.41287, 2.75585,-0.09358, 0.09447,
 2.30000, 1.91165, 0.24433,-13.82771, 0.61118,-16.02747, 0.07097, 5.23841,-11.60488, 0.05532, 1.24419,-17.68189,-0.08727,-0.13868, 0.02859,-2.17199, 0.00493, 4.00929, 0.66646,-2.15195,2109.41287, 2.75585,-0.09358, 0.09447,
 2.40000, 2.48754, 0.31890,-18.04557, 0.73611,-17.78190, 0.06104, 6.29621,-12.52859, 0.09018, 1.26259,-17.38286,-0.10908,-0.14981, 0.02927,-2.32266, 0.00593, 4.82758, 0.86975,-2.28991,2109.41287, 2.75585,-0.09358, 0.09447,
 2.50000, 3.17422, 0.40705,-23.01170, 0.86048,-19.49975, 0.04945, 7.45370,-13.36333, 0.12764, 1.23564,-16.95513,-0.12007,-0.15979, 0.02958,-2.45541, 0.00701, 5.72513, 1.10910,-2.41244,2109.41287, 2.75585,-0.09358, 0.09447,
 2.60000, 3.98149, 0.50959,-28.76895, 0.97994,-21.16954, 0.03736, 8.70764,-14.10429, 0.16606, 1.16587,-16.42587,-0.11876,-0.16857, 0.02958,-2.56987, 0.00819, 6.69976, 1.38658,-2.51902,2109.41287, 2.75585,-0.09358, 0.09447,
 2.70000, 4.91883, 0.62720,-35.35423, 1.09056,-22.78239, 0.02605,10.05428,-14.74936, 0.20372, 1.05872,-15.82050,-0.10452,-0.17615, 0.02937,-2.66609, 0.00945, 7.74890, 1.70398,-2.60954,2109.41287, 2.75585,-0.09358, 0.09447,
 2.80000, 5.99530, 0.76043,-42.79862, 1.18907,-24.33188, 0.01681,11.48948,-15.29880, 0.23893, 0.92198,-15.16239,-0.07761,-0.18254, 0.02903,-2.74452, 0.01080, 8.86963, 2.06278,-2.68425,2109.41287, 2.75585,-0.09358, 0.09447,
 2.90000, 7.21954, 0.90975,-51.12744, 1.27309,-25.81382, 0.01087,13.00887,-15.75485, 0.27016, 0.76523,-14.47266,-0.03907,-0.18779, 0.02864,-2.80589, 0.01222,10.05884, 2.46420,-2.74368,2109.41287, 2.75585,-0.09358, 0.09447,
 3.00000, 8.59973, 1.07552,-60.36055, 1.34121,-27.22599, 0.00931,14.60797,-16.12143, 0.29613, 0.59903,-13.77006, 0.00934,-0.19203, 0.02828,-2.85180, 0.01372,11.31327, 2.90921,-2.78760,2109.41287,-7.24415,-0.09358, 0.09447,
 3.10000,10.14266, 1.25799,-70.52548, 1.39429,-28.42298, 0.01110,16.25468,-16.22417, 0.31776, 0.46673,-9.31150, 0.01604,-0.21603, 0.02741,-2.97986, 0.01526,12.60907, 3.39913,-2.42359,2109.41287,-7.24415,-0.09358, 0.09447,
 3.20000,11.85145, 1.45718,-81.64448, 1.43469,-29.03182, 0.01195,17.92328,-15.75841, 0.33907, 0.33549,-2.84665, 0.00163,-0.20944, 0.02504,-2.80855, 0.01682,13.92707, 3.93504,-2.23787,2109.41287,-7.24415,-0.09358, 0.09447,
 3.30000,13.72715, 1.67257,-93.66672, 1.46015,-29.00460, 0.01183,19.58695,-14.74249, 0.35924, 0.16612, 3.29132,-0.00118,-0.19347, 0.02121,-2.52563, 0.01837,15.24690, 4.51448,-2.00759,2109.41287,-7.24415,-0.09358, 0.09447,
 3.40000,15.76754, 1.90307,-106.50205, 1.46634,-28.39614, 0.01234,21.21161,-13.26365, 0.37576,-0.05111, 8.75786, 0.01456,-0.17199, 0.01628,-2.17171, 0.01988,16.54244, 5.13311,-1.71759,2109.41287,-7.24415,-0.09358, 0.09447,
 3.50000,17.96713, 2.14718,-120.03691, 1.44871,-27.27756, 0.01543,22.76622,-11.41539, 0.38583,-0.31283,13.48976, 0.05041,-0.14653, 0.01066,-1.76655, 0.02133,17.78976, 5.78545,-1.37859,2109.41287,-7.24415,-0.09358, 0.09447,
 3.60000,20.31756, 2.40300,-134.14114, 1.40354,-25.72295, 0.02309,24.22422,-9.28775, 0.38684,-0.60661,17.47943, 0.10525,-0.11819, 0.00474,-1.32607, 0.02269,18.96816, 6.46523,-1.00373,2109.41287,-7.24415,-0.09358, 0.09447,
 3.70000,22.80802, 2.66839,-148.67312, 1.32865,-23.80591, 0.03707,25.56368,-6.96471, 0.37662,-0.91388,20.74247, 0.17588,-0.08797,-0.00114,-0.86445, 0.02393,20.06035, 7.16563,-0.60558,2109.41287,-7.24415,-0.09358, 0.09447,
 3.80000,25.42575, 2.94106,-163.48436, 1.22386,-21.59765, 0.05874,26.76710,-4.52293, 0.35368,-1.21289,23.31021, 0.25744,-0.05677,-0.00667,-0.39437, 0.02504,21.05232, 7.87950,-0.19561,2109.41287,-7.24415,-0.09358, 0.09447,
 3.90000,28.15646, 3.21867,-178.42361, 1.09119,-19.16562, 0.08889,27.82123,-2.03091, 0.31736,-1.48131,25.22569, 0.34396,-0.02537,-0.01165, 0.07307, 0.02601,21.93319, 8.59953, 0.21598,2109.41287,-7.24415,-0.09358, 0.09447,
 4.00000,30.98471, 3.49889,-193.34038, 0.93475,-16.57254, 0.12769,28.71668, 0.45144, 0.26787,-1.69864,26.54057, 0.42889, 0.00554,-0.01592, 0.52836, 0.02683,22.69504, 9.31847, 0.62031,2109.41287,-7.24415,-0.09358, 0.09447,
 4.10000,33.89431, 3.77947,-208.08810, 0.76050,-13.87562, 0.17466,29.44764, 2.87287, 0.20633,-1.84801,27.31235, 0.50563, 0.03536,-0.01940, 0.96356, 0.02749,23.33261,10.02927, 1.00988,2109.41287,-7.24415,-0.09358, 0.09447,
 4.20000,36.86866, 4.05833,-222.52657, 0.57579,-11.12613, 0.22866,30.01145, 5.19075, 0.13465,-1.91757,27.60218, 0.56806, 0.06364,-0.02208, 1.37232, 0.02800,23.84306,10.72517, 1.37852,2109.41287,-7.24415,-0.09358, 0.09447,
 4.30000,39.89103, 4.33358,-236.52412, 0.38881,-8.36915, 0.28798,30.40825, 7.37074, 0.05543,-1.90132,27.47283, 0.61101, 0.08999,-0.02400, 1.74969, 0.02835,24.22568,11.39981, 1.72140,2109.41287,-7.24415,-0.09358, 0.09447,
 4.40000,42.94482, 4.60357,-249.95913, 0.20801,-5.64345, 0.35046,30.64052, 9.38635,-0.02823,-1.79941,26.98707, 0.63055, 0.11413,-0.02526, 2.09214, 0.02855,24.48159,12.04734, 2.03489,2109.41287,-7.24415,-0.09358, 0.09447,
 4.50000,46.01380, 4.86688,-262.72122, 0.04151,-2.98157, 0.41362,30.71273,11.21839,-0.11291,-1.61799,26.20627, 0.62428, 0.13586,-0.02598, 2.39735, 0.02859,24.61347,12.66244, 2.31651,2109.41287,-7.24415,-0.09358, 0.09447,
 4.60000,49.08224, 5.12234,-274.71197,-0.10349,-0.41006, 0.47481,30.63097,12.85433,-0.19512,-1.36854,25.18929, 0.59144, 0.15508,-0.02630, 2.66412, 0.02849,24.62529,13.24036, 2.56479,2109.41287,-7.24415,-0.09358, 0.09447,
 4.70000,52.13510, 5.36904,-285.84534,-0.22115, 2.05027, 0.53142,30.40257,14.28763,-0.27149,-1.06695,23.99155, 0.53294, 0.17174,-0.02638, 2.89226, 0.02825,24.52201,13.77696, 2.77919,2109.41287,-7.24415,-0.09358, 0.09447,
 4.80000,55.15814, 5.60629,-296.04772,-0.30739, 4.38394, 0.58096,30.03578,15.51699,-0.33899,-0.73225,22.66434, 0.45125, 0.18585,-0.02636, 3.08240, 0.02789,24.30936,14.26869, 2.95996,2109.41287,-7.24415,-0.09358, 0.09447,
 4.90000,58.13794, 5.83361,-305.25772,-0.36009, 6.58038, 0.62130,29.53943,16.54564,-0.39508,-0.38526,21.25433, 0.35017, 0.19748,-0.02640, 3.23589, 0.02740,23.99359,14.71258, 3.10801,2109.41287,-7.24415,-0.09358, 0.09447,
 5.00000,61.06201, 6.05068,-313.42577,-0.37923, 8.63344, 0.65073,28.92273,17.38065,-0.43789,-0.04714,19.80321, 0.23461, 0.20679,-0.02659, 3.35496, 0.02680,23.58128,15.10626, 3.22432,2109.41287,-2.24415,-0.09358, 0.09447,
 5.10000,63.91927, 6.25733,-320.50704,-0.36738,10.46839, 0.66902,28.20875,17.94235,-0.46722, 0.24582,16.46785, 0.13480, 0.22426,-0.02672, 3.49020, 0.02611,23.08947,15.44756, 3.11411,2109.41287,-2.24415,-0.09358, 0.09447,
 5.20000,66.70115, 6.45359,-326.46738,-0.32923,11.89938, 0.67805,27.41734,18.08787,-0.48500, 0.49747,12.14755, 0.04507, 0.22485,-0.02631, 3.45291, 0.02535,22.53281,15.73483, 3.07221,2109.41287,-2.24415,-0.09358, 0.09447,
 5.30000,69.40083, 6.63981,-331.31653,-0.26822,12.90534, 0.67799,26.56864,17.83729,-0.49134, 0.71769, 8.02943,-0.04643, 0.21931,-0.02540, 3.33923, 0.02454,21.92645,15.96854, 2.98910,2109.41287,-2.24415,-0.09358, 0.09447,
 5.40000,72.01376, 6.81659,-335.09052,-0.18753,13.51842, 0.66869,25.68616,17.24614,-0.48602, 0.90494, 4.30252,-0.13905, 0.20974,-0.02412, 3.17182, 0.02370,21.28823,16.15044, 2.85923,2109.41287,-2.24415,-0.09358, 0.09447,
 5.50000,74.53765, 6.98480,-337.84298,-0.09068,13.78041, 0.65015,24.79143,16.37372,-0.46911, 1.05471, 1.01161,-0.23005, 0.19705,-0.02265, 2.96297, 0.02284,20.63461,16.28310, 2.69005,2109.41287,-2.24415,-0.09358, 0.09447,
 5.60000,76.97227, 7.14542,-339.64094, 0.01835,13.73574, 0.62270,23.90329,15.27782,-0.44112, 1.16160,-1.82971,-0.31615, 0.18196,-0.02112, 2.72304, 0.02200,19.98010,16.36976, 2.49026,2109.41287,-2.24415,-0.09358, 0.09447,
 5.70000,79.31907, 7.29956,-340.56148, 0.13506,13.42943, 0.58700,23.03773,14.01318,-0.40299, 1.22054,-4.22250,-0.39393, 0.16513,-0.01963, 2.46145, 0.02118,19.33717,16.41413, 2.26820,2109.41287,-2.24415,-0.09358, 0.09447,
 5.80000,81.58101, 7.44834,-340.68869, 0.25452,12.90581, 0.54405,22.20797,12.63054,-0.35611, 1.22786,-6.17848,-0.46014, 0.14715,-0.01825, 2.18678, 0.02039,18.71622,16.42026, 2.03162,2109.41287,-2.24415,-0.09358, 0.09447,
 5.90000,83.76221, 7.59285,-340.11094, 0.37160,12.20763, 0.49517,21.42453,11.17603,-0.30225, 1.18206,-7.71769,-0.51191, 0.12856,-0.01701, 1.90668, 0.01965,18.12569,16.39241, 1.78751,2109.41287,-2.24415,-0.09358, 0.09447,
 6.00000,85.86773, 7.73414,-338.91833, 0.48113,11.37529, 0.44191,20.69542, 9.69082,-0.24347, 1.08428,-8.86661,-0.54702, 0.10986,-0.01593, 1.62785, 0.01896,17.57212,16.33493, 1.54208,2109.41287,-2.24415,-0.09358, 0.09447,
 6.10000,87.90330, 7.87317,-337.20064, 0.57823,10.44628, 0.38603,20.02633, 8.21084,-0.18201, 0.93844,-9.65648,-0.56404, 0.09144,-0.01499, 1.35600, 0.01833,17.06031,16.25214, 1.30068,2109.41287,-2.24415,-0.09358, 0.09447,
 6.20000,89.87511, 8.01076,-335.04539, 0.65855, 9.45481, 0.32937,19.42080, 6.76680,-0.12021, 0.75116,-10.12186,-0.56241, 0.07366,-0.01415, 1.09591, 0.01776,16.59347,16.14827, 1.06786,2109.41287,-2.24415,-0.09358, 0.09447,
 6.30000,91.78963, 8.14765,-332.53635, 0.71851, 8.43151, 0.27381,18.88051, 5.38427,-0.06036, 0.53139,-10.29934,-0.54250, 0.05681,-0.01337, 0.85140, 0.01726,16.17335,16.02734, 0.84731,2109.41287,-2.24415,-0.09358, 0.09447,
 6.40000,93.65339, 8.28440,-329.75228, 0.75555, 7.40329, 0.22110,18.40547, 4.08384,-0.00460, 0.28992,-10.22641,-0.50561, 0.04111,-0.01258, 0.62544, 0.01681,15.80044,15.89315, 0.64195,2109.41287,-2.24415,-0.09358, 0.09447,
 6.50000,95.47286, 8.42148,-326.76602, 0.76820, 6.39332, 0.17287,17.99426, 2.88140, 0.04523, 0.03867,-9.94056,-0.45382, 0.02673,-0.01175, 0.42015, 0.01643,15.47413,15.74922, 0.45397,2109.41287,-2.24415,-0.09358, 0.09447,
 6.60000,97.25429, 8.55923,-323.64372, 0.75621, 5.42105, 0.13046,17.64429, 1.78848, 0.08759,-0.20999,-9.47841,-0.38992, 0.01379,-0.01084, 0.23694, 0.01610,15.19288,15.59874, 0.28485,2109.41287,-2.24415,-0.09358, 0.09447,
 6.70000,99.00364, 8.69786,-320.44446, 0.72053, 4.50234, 0.09493,17.35201, 0.81263, 0.12141,-0.44401,-8.87512,-0.31721, 0.00235,-0.00980, 0.07653, 0.01583,14.95439,15.44454, 0.13549,2109.41287,-2.24415,-0.09358, 0.09447,
 6.80000,100.72647, 8.83751,-317.21997, 0.66325, 3.64963, 0.06699,17.11312,-0.04217, 0.14605,-0.65238,-8.16376,-0.23931,-0.00755,-0.00861,-0.06095, 0.01561,14.75574,15.28913, 0.00623,2109.41287,-2.24415,-0.09358, 0.09447,
 6.90000,102.42788, 8.97825,-314.01462, 0.58744, 2.87216, 0.04697,16.92276,-0.77508, 0.16133,-0.82576,-7.37500,-0.15992,-0.01593,-0.00729,-0.17588, 0.01544,14.59358,15.13464,-0.10309,2109.41287,-2.24415,-0.09358, 0.09447,
 7.00000,104.11247, 9.12007,-310.86550, 0.49697, 2.17627, 0.03483,16.77574,-1.38800, 0.16754,-0.95695,-6.53673,-0.08269,-0.02282,-0.00584,-0.26904, 0.01530,14.46422,14.98286,-0.19300,2109.41287,-2.24415,-0.09358, 0.09447,
 7.10000,105.78429, 9.26293,-307.80269, 0.39628, 1.56563, 0.03020,16.66662,-1.88507, 0.16539,-1.04128,-5.67390,-0.01092,-0.02829,-0.00428,-0.34159, 0.01521,14.36380,14.83524,-0.26438,2109.41287,-2.24415,-0.09358, 0.09447,
 7.20000,107.44687, 9.40677,-304.84964, 0.29015, 1.04158, 0.03236,16.58995,-2.27233, 0.15592,-1.07676,-4.80840, 0.05253,-0.03243,-0.00266,-0.39494, 0.01514,14.28835,14.69291,-0.31839,2109.41287,-2.24415,-0.09358, 0.09447,
 7.30000,109.10318, 9.55153,-302.02361, 0.18334, 0.60341, 0.04038,16.54029,-2.55726, 0.14047,-1.06412,-3.95904, 0.10540,-0.03534,-0.00103,-0.43073, 0.01510,14.23392,14.55671,-0.35636,2109.41287,-2.24415,-0.09358, 0.09447,
 7.40000,110.75566, 9.69712,-299.33620, 0.08046, 0.24870, 0.05311,16.51244,-2.74848, 0.12054,-1.00663,-3.14160, 0.14613,-0.03714, 0.00056,-0.45072, 0.01508,14.19667,14.42718,-0.37980,2109.41287,-2.24415,-0.09358, 0.09447,
 7.50000,112.40623, 9.84348,-296.79392,-0.01439,-0.02640, 0.06927,16.50139,-2.85533, 0.09774,-0.90982,-2.36892, 0.17389,-0.03794, 0.00205,-0.45676, 0.01507,14.17290,14.30465,-0.39031,2109.41287,-2.24415,-0.09358, 0.09447,
 7.60000,114.05634, 9.99056,-294.39878,-0.09772,-0.22691, 0.08756,16.50252,-2.88762, 0.07367,-0.78105,-1.65103, 0.18860,-0.03787, 0.00339,-0.45073, 0.01508,14.15915,14.18921,-0.38952,2109.41287,-2.24415,-0.09358, 0.09447,
 7.70000,115.70700,10.13833,-292.14888,-0.16686,-0.35869, 0.10669,16.51153,-2.85535, 0.04984,-0.62898,-0.99540, 0.19087,-0.03706, 0.00453,-0.43450, 0.01509,14.15219,14.08077,-0.37909,2109.41287,-2.24415,-0.09358, 0.09447,
 7.80000,117.35878,10.28676,-290.03906,-0.22006,-0.42824, 0.12547,16.52460,-2.76844, 0.02761,-0.46306,-0.40708, 0.18195,-0.03563, 0.00542,-0.40988, 0.01511,14.14912,13.97908,-0.36063,2109.41287,-2.24415,-0.09358, 0.09447,
 7.90000,119.01193,10.43585,-288.06143,-0.25648,-0.44245, 0.14288,16.53828,-2.63657, 0.00807,-0.29288, 0.11102, 0.16358,-0.03369, 0.00604,-0.37863, 0.01512,14.14732,13.88377,-0.33569,2109.41287,-2.24415,-0.09358, 0.09447,
 8.00000,120.66636,10.58558,-286.20596,-0.27623,-0.40841, 0.15805,16.54963,-2.46896,-0.00792,-0.12764, 0.55789, 0.13787,-0.03137, 0.00637,-0.34235, 0.01514,14.14452,13.79434,-0.30574,2109.41287,-2.24415,-0.09358, 0.09447,
 8.10000,122.32170,10.73596,-284.46099,-0.28028,-0.33322, 0.17037,16.55612,-2.27430,-0.01983, 0.02435, 0.93420, 0.10718,-0.02877, 0.00641,-0.30256, 0.01515,14.13875,13.71024,-0.27216,2109.41287,-2.24415,-0.09358, 0.09447,
 8.20000,123.97735,10.88697,-282.81373,-0.27034,-0.22385, 0.17947,16.55568,-2.06060,-0.02742, 0.15609, 1.24201, 0.07394,-0.02597, 0.00618,-0.26062, 0.01515,14.12838,13.63084,-0.23618,2109.41287,-2.24415,-0.09358, 0.09447,
 8.30000,125.63255,11.03859,-281.25069,-0.24874,-0.08700, 0.18520,16.54664,-1.83511,-0.03076, 0.26223, 1.48452, 0.04048,-0.02308, 0.00570,-0.21773, 0.01514,14.11208,13.55551,-0.19894,2109.41287,-2.24415,-0.09358, 0.09447,
 8.40000,127.28635,11.19079,-279.75808,-0.21822, 0.07101, 0.18765,16.52773,-1.60433,-0.03016, 0.33930, 1.66590, 0.00896,-0.02016, 0.00500,-0.17496, 0.01513,14.08882,13.48357,-0.16140,2109.41287,-2.24415,-0.09358, 0.09447,
 8.50000,128.93774,11.34353,-278.32212,-0.18175, 0.24431, 0.18712,16.49807,-1.37391,-0.02619, 0.38572, 1.79099,-0.01879,-0.01727, 0.00414,-0.13322, 0.01510,14.05784,13.41436,-0.12443,2109.41287,-2.24415,-0.09358, 0.09447,
 8.60000,130.58559,11.49671,-276.92937,-0.14237, 0.42751, 0.18406,16.45707,-1.14869,-0.01954, 0.40182, 1.86516,-0.04134,-0.01449, 0.00316,-0.09325, 0.01507,14.01863,13.34723,-0.08874,2109.41287,-2.24415,-0.09358, 0.09447,
 8.70000,132.22876,11.65025,-275.56695,-0.10297, 0.61583, 0.17903,16.40448,-0.93271,-0.01106, 0.38969, 1.89407,-0.05773,-0.01184, 0.00211,-0.05566, 0.01502,13.97092,13.28157,-0.05493,2109.41287,-2.24415,-0.09358, 0.09447,
 8.80000,133.86610,11.80403,-274.22277,-0.06615, 0.80501, 0.17270,16.34029,-0.72924,-0.00162, 0.35291, 1.88357,-0.06745,-0.00937, 0.00106,-0.02092, 0.01496,13.91463,13.21678,-0.02344,2109.41287,-2.24415,-0.09358, 0.09447,
 8.90000,135.49644,11.95792,-272.88562,-0.03411, 0.99142, 0.16573,16.26470,-0.54080, 0.00793, 0.29623, 1.83948,-0.07050,-0.00710, 0.00006, 0.01062, 0.01489,13.84985,13.15234, 0.00537,2109.41287,-2.24415,-0.09358, 0.09447,
 9.00000,137.11867,12.11178,-271.54533,-0.00849, 1.17198, 0.15877,16.17814,-0.36924, 0.01679, 0.22524, 1.76752,-0.06728,-0.00505,-0.00086, 0.03874, 0.01481,13.77682,13.08774, 0.03126,2109.41287,-2.24415,-0.09358, 0.09447,
 9.10000,138.73172,12.26544,-270.19284, 0.00961, 1.34418, 0.15241,16.08114,-0.21579, 0.02427, 0.14592, 1.67318,-0.05859,-0.00324,-0.00165, 0.06333, 0.01472,13.69590,13.02255, 0.05409,2109.41287,-2.24415,-0.09358, 0.09447,
 9.20000,140.33458,12.41877,-268.82021, 0.01970, 1.50604, 0.14716,15.97439,-0.08111, 0.02985, 0.06430, 1.56165,-0.04554,-0.00167,-0.00229, 0.08435, 0.01462,13.60755,12.95639, 0.07380,2109.41287,-2.24415,-0.09358, 0.09447,
 9.30000,141.92630,12.57161,-267.42066, 0.02187, 1.65610, 0.14338,15.85866, 0.03465, 0.03315,-0.01396, 1.43775,-0.02941,-0.00033,-0.00275, 0.10185, 0.01452,13.51230,12.88894, 0.09041,2109.41287,-2.24415,-0.09358, 0.09447,
 9.40000,143.50604,12.72381,-265.98855, 0.01673, 1.79333, 0.14131,15.73476, 0.13174, 0.03402,-0.08386, 1.30585,-0.01161, 0.00078,-0.00304, 0.11597, 0.01440,13.41074,12.81992, 0.10399,2109.41287,-2.24415,-0.09358, 0.09447,
 9.50000,145.07301,12.87527,-264.51931, 0.00533, 1.91713, 0.14106,15.60355, 0.21079, 0.03245,-0.14132, 1.16988, 0.00643, 0.00167,-0.00315, 0.12686, 0.01428,13.30348,12.74910, 0.11469,2109.41287,-2.24415,-0.09358, 0.09447,
 9.60000,146.62653,13.02588,-263.00941,-0.01092, 2.02728, 0.14257,15.46590, 0.27271, 0.02864,-0.18340, 1.03330, 0.02338, 0.00234,-0.00310, 0.13476, 0.01415,13.19113,12.67633, 0.12267,2109.41287,-2.24415,-0.09358, 0.09447,
 9.70000,148.16600,13.17557,-261.45630,-0.03041, 2.12387, 0.14567,15.32266, 0.31866, 0.02290,-0.20837, 0.89907, 0.03807, 0.00283,-0.00291, 0.13991, 0.01402,13.07434,12.60147, 0.12815,2109.41287,-2.24415,-0.09358, 0.09447,
 9.80000,149.69090,13.32427,-259.85831,-0.05141, 2.20726, 0.15010,15.17466, 0.34997, 0.01568,-0.21574, 0.76967, 0.04956, 0.00314,-0.00261, 0.14259, 0.01388,12.95371,12.52445, 0.13136,2109.41287,-2.24415,-0.09358, 0.09447,
 9.90000,151.20080,13.47199,-258.21456,-0.07222, 2.27804, 0.15549,15.02269, 0.36810, 0.00751,-0.20621, 0.64715, 0.05718, 0.00330,-0.00222, 0.14308, 0.01374,12.82983,12.44523, 0.13253,2109.41287,-2.24415,-0.09358, 0.09447,
10.00000,152.69533,13.61871,-256.52488,-0.09125, 2.33697, 0.16143,14.86750, 0.37455,-0.00106,-0.18156, 0.53309, 0.06055, 0.00332,-0.00179, 0.14167, 0.01360,12.70325,12.36379, 0.13194,2109.41287,-2.24415,-0.09358, 0.09447,
10.10000,154.17422,13.76448,-254.78972,-0.10717, 2.38497, 0.16749,14.70976, 0.37090,-0.00945,-0.14442, 0.42865, 0.05961, 0.00323,-0.00134, 0.13866, 0.01345,12.57448,12.28016, 0.12982,2109.41287,-2.24415,-0.09358, 0.09447,
10.20000,155.63722,13.90934,-253.01005,-0.11890, 2.42305, 0.17325,14.55009, 0.35868,-0.01713,-0.09806, 0.33466, 0.05459, 0.00304,-0.00090, 0.13432, 0.01331,12.44400,12.19439, 0.12644,2109.41287,-2.24415,-0.09358, 0.09447,
10.30000,157.08419,14.05338,-251.18724,-0.12574, 2.45227, 0.17832,14.38903, 0.33940,-0.02365,-0.04619, 0.25155, 0.04598, 0.00276,-0.00052, 0.12894, 0.01316,12.31221,12.10653, 0.12203,2109.41287,-2.24415,-0.09358, 0.09447,
10.40000,158.51500,14.19666,-249.32302,-0.12736, 2.47373, 0.18238,14.22706, 0.31451,-0.02864, 0.00739, 0.17950, 0.03446, 0.00243,-0.00020, 0.12275, 0.01301,12.17949,12.01668, 0.11683,2109.41287,-2.24415,-0.09358, 0.09447,
10.50000,159.92958,14.33929,-247.41938,-0.12379, 2.48853, 0.18517,14.06459, 0.28536,-0.03184, 0.05899, 0.11839, 0.02090, 0.00206, 0.00004, 0.11600, 0.01286,12.04615,11.92493, 0.11104,2109.41287,-2.24415,-0.09358, 0.09447,
10.60000,161.32791,14.48136,-245.47850,-0.11541, 2.49776, 0.18653,13.90196, 0.25320,-0.03313, 0.10526, 0.06792, 0.00621, 0.00165, 0.00019, 0.10890, 0.01271,11.91247,11.83139, 0.10486,2109.41287,-2.24415,-0.09358, 0.09447,
10.70000,162.70998,14.62296,-243.50265,-0.10291, 2.50246, 0.18641,13.73944, 0.21915,-0.03251, 0.14340, 0.02757,-0.00862, 0.00123, 0.00025, 0.10163, 0.01256,11.77866,11.73616, 0.09847,2109.41287,-2.24415,-0.09358, 0.09447,
10.80000,164.07581,14.76418,-241.49417,-0.08720, 2.50359, 0.18483,13.57724, 0.18424,-0.03008, 0.17129,-0.00330,-0.02267, 0.00080, 0.00022, 0.09436, 0.01241,11.64489,11.63935, 0.09202,2109.41287,-2.24415,-0.09358, 0.09447,
10.90000,165.42544,14.90510,-239.45540,-0.06939, 2.50209, 0.18191,13.41553, 0.14935,-0.02606, 0.18759,-0.02546,-0.03512, 0.00038, 0.00010, 0.08724, 0.01226,11.51129,11.54109, 0.08564,2109.41287,-2.24415,-0.09358, 0.09447,
11.00000,166.75894,15.04578,-237.38862,-0.05064, 2.49876, 0.17786,13.25439, 0.11523,-0.02078, 0.19179,-0.03973,-0.04527,-0.00003,-0.00008, 0.08038, 0.01211,11.37796,11.44148, 0.07944,2109.41287,-2.24415,-0.09358, 0.09447,
11.10000,168.07634,15.18625,-235.29606,-0.03214, 2.49437, 0.17293,13.09390, 0.08250,-0.01459, 0.18418,-0.04700,-0.05261,-0.00041,-0.00030, 0.07388, 0.01196,11.24495,11.34062, 0.07352,2109.41287,-2.24415,-0.09358, 0.09447,
11.20000,169.37774,15.32656,-233.17979,-0.01499, 2.48957, 0.16741,12.93407, 0.05169,-0.00790, 0.16579,-0.04816,-0.05684,-0.00077,-0.00056, 0.06781, 0.01181,11.11230,11.23862, 0.06795,2109.41287,-2.24415,-0.09358, 0.09447,
11.30000,170.66318,15.46672,-231.04178,-0.00018, 2.48491, 0.16163,12.77488, 0.02318,-0.00113, 0.13826,-0.04413,-0.05784,-0.00110,-0.00082, 0.06223, 0.01167,10.97999,11.13558, 0.06279,2109.41287,-2.24415,-0.09358, 0.09447,
11.40000,171.93273,15.60672,-228.88383, 0.01152, 2.48089, 0.15591,12.61630,-0.00274, 0.00533, 0.10375,-0.03577,-0.05573,-0.00139,-0.00107, 0.05716, 0.01152,10.84802,11.03157, 0.05807,2109.41287,-2.24415,-0.09358, 0.09447,
11.50000,173.18646,15.74655,-226.70756, 0.01955, 2.47788, 0.15054,12.45824,-0.02586, 0.01112, 0.06473,-0.02394,-0.05079,-0.00165,-0.00128, 0.05264, 0.01137,10.71633,10.92668, 0.05382,2109.41287,-2.24415,-0.09358, 0.09447,
11.60000,174.42440,15.88617,-224.51444, 0.02360, 2.47619, 0.14580,12.30063,-0.04610, 0.01594, 0.02380,-0.00944,-0.04347,-0.00187,-0.00146, 0.04866, 0.01123,10.58486,10.82098, 0.05005,2109.41287,-2.24415,-0.09358, 0.09447,
11.70000,175.64659,16.02557,-222.30574, 0.02365, 2.47605, 0.14188,12.14336,-0.06342, 0.01957,-0.01642, 0.00700,-0.03433,-0.00205,-0.00158, 0.04522, 0.01108,10.45356,10.71452, 0.04675,2109.41287,-2.24415,-0.09358, 0.09447,
11.80000,176.85308,16.16469,-220.08257, 0.01988, 2.47763, 0.13895,11.98632,-0.07785, 0.02187,-0.05354, 0.02472,-0.02402,-0.00220,-0.00164, 0.04230, 0.01094,10.32235,10.60737, 0.04392,2109.41287,-2.24415,-0.09358, 0.09447,
11.90000,178.04386,16.30350,-217.84587, 0.01273, 2.48102, 0.13708,11.82941,-0.08948, 0.02279,-0.08545, 0.04309,-0.01322,-0.00231,-0.00163, 0.03988, 0.01079,10.19115,10.49957, 0.04153,2109.41287,-2.24415,-0.09358, 0.09447,
12.00000,179.21896,16.44195,-215.59643, 0.00281, 2.48625, 0.13629,11.67249,-0.09847, 0.02237,-0.11052, 0.06161,-0.00260,-0.00240,-0.00157, 0.03793, 0.01065,10.05987,10.39115, 0.03957,2109.41287,-2.24415,-0.09358, 0.09447,
12.10000,180.37836,16.58001,-213.33487,-0.00915, 2.49333, 0.13653,11.51546,-0.10497, 0.02072,-0.12761, 0.07980, 0.00721,-0.00245,-0.00145, 0.03639, 0.01051, 9.92843,10.28215, 0.03799,2109.41287,-2.24415,-0.09358, 0.09447,
12.20000,181.52204,16.71766,-211.06169,-0.02232, 2.50219, 0.13769,11.35821,-0.10919, 0.01803,-0.13614, 0.09729, 0.01569,-0.00247,-0.00128, 0.03524, 0.01036, 9.79675,10.17259, 0.03676,2109.41287,-2.24415,-0.09358, 0.09447,
12.30000,182.64999,16.85487,-208.77726,-0.03584, 2.51275, 0.13962,11.20063,-0.11135, 0.01452,-0.13609, 0.11376, 0.02242,-0.00247,-0.00108, 0.03443, 0.01022, 9.66475,10.06249, 0.03584,2109.41287,-2.24415,-0.09358, 0.09447,
12.40000,183.76215,16.99162,-206.48184,-0.04891, 2.52490, 0.14212,11.04261,-0.11168, 0.01046,-0.12796, 0.12896, 0.02709,-0.00245,-0.00085, 0.03391, 0.01007, 9.53236, 9.95186, 0.03520,2109.41287,-2.24415,-0.09358, 0.09447,
12.50000,184.85849,17.12792,-204.17560,-0.06077, 2.53849, 0.14498,10.88408,-0.11043, 0.00615,-0.11272, 0.14270, 0.02957,-0.00241,-0.00063, 0.03365, 0.00993, 9.39952, 9.84070, 0.03480,2109.41287,-2.24415,-0.09358, 0.09447,
12.60000,185.93895,17.26377,-201.85862,-0.07080, 2.55339, 0.14798,10.72494,-0.10782, 0.00185,-0.09174, 0.15486, 0.02984,-0.00235,-0.00040, 0.03358, 0.00978, 9.26616, 9.72903, 0.03459,2109.41287,-2.24415,-0.09358, 0.09447,
12.70000,187.00346,17.39919,-199.53092,-0.07852, 2.56941, 0.15090,10.56513,-0.10408,-0.00217,-0.06663, 0.16535, 0.02805,-0.00228,-0.00020, 0.03369, 0.00963, 9.13224, 9.61684, 0.03454,2109.41287,-2.24415,-0.09358, 0.09447,
12.80000,188.05195,17.53419,-197.19247,-0.08361, 2.58640, 0.15355,10.40460,-0.09945,-0.00568,-0.03917, 0.17413, 0.02444,-0.00220,-0.00003, 0.03391, 0.00948, 8.99770, 9.50413, 0.03462,2109.41287,-2.24415,-0.09358, 0.09447,
12.90000,189.08435,17.66880,-194.84319,-0.08595, 2.60418, 0.15575,10.24328,-0.09413,-0.00850,-0.01118, 0.18121, 0.01936,-0.00212, 0.00011, 0.03423, 0.00934, 8.86251, 9.39091, 0.03478,2109.41287,-2.24415,-0.09358, 0.09447,
13.00000,190.10058,17.80306,-192.48299,-0.08558, 2.62259, 0.15739,10.08115,-0.08831,-0.01050, 0.01561, 0.18664, 0.01321,-0.00203, 0.00020, 0.03459, 0.00919, 8.72664, 9.27715, 0.03501,2109.41287,-2.24415,-0.09358, 0.09447,
13.10000,191.10055,17.93698,-190.11174,-0.08271, 2.64145, 0.15838, 9.91817,-0.08217,-0.01163, 0.03964, 0.19047, 0.00645,-0.00193, 0.00024, 0.03499, 0.00904, 8.59007, 9.16286, 0.03526,2109.41287,-2.24415,-0.09358, 0.09447,
13.20000,192.08418,18.07061,-187.72932,-0.07769, 2.66063, 0.15868, 9.75432,-0.07588,-0.01186, 0.05961, 0.19280,-0.00045,-0.00184, 0.00024, 0.03538, 0.00889, 8.45279, 9.04804, 0.03552,2109.41287,-2.24415,-0.09358, 0.09447,
13.30000,193.05139,18.20395,-185.33560,-0.07097, 2.67997, 0.15830, 9.58960,-0.06956,-0.01125, 0.07456, 0.19374,-0.00707,-0.00174, 0.00019, 0.03575, 0.00873, 8.31478, 8.93267, 0.03577,2109.41287,-2.24415,-0.09358, 0.09447,
13.40000,194.00208,18.33705,-182.93046,-0.06307, 2.69933, 0.15729, 9.42400,-0.06334,-0.00990, 0.08391, 0.19342,-0.01300,-0.00165, 0.00011, 0.03607, 0.00858, 8.17604, 8.81674, 0.03599,2109.41287,-2.24415,-0.09358, 0.09447,
13.50000,194.93616,18.46990,-180.51379,-0.05458, 2.71861, 0.15573, 9.25753,-0.05733,-0.00793, 0.08744, 0.19196,-0.01792,-0.00156,-0.00000, 0.03634, 0.00843, 8.03659, 8.70027, 0.03616,2109.41287,-2.24415,-0.09358, 0.09447,
13.60000,195.85355,18.60252,-178.08550,-0.04605, 2.73769, 0.15374, 9.09021,-0.05160,-0.00553, 0.08532, 0.18950,-0.02158,-0.00148,-0.00014, 0.03653, 0.00828, 7.89641, 8.58323, 0.03628,2109.41287,-2.24415,-0.09358, 0.09447,
13.70000,196.75417,18.73492,-175.64554,-0.03803, 2.75648, 0.15145, 8.92204,-0.04622,-0.00286, 0.07803, 0.18619,-0.02384,-0.00140,-0.00028, 0.03665, 0.00812, 7.75554, 8.46563, 0.03632,2109.41287,-2.24415,-0.09358, 0.09447,
13.80000,197.63793,18.86709,-173.19386,-0.03097, 2.77491, 0.14900, 8.75306,-0.04124,-0.00012, 0.06639, 0.18216,-0.02465,-0.00132,-0.00043, 0.03669, 0.00797, 7.61399, 8.34747, 0.03630,2109.41287,-2.24415,-0.09358, 0.09447,
13.90000,198.50476,18.99903,-170.73044,-0.02525, 2.79290, 0.14655, 8.58329,-0.03669, 0.00250, 0.05138, 0.17755,-0.02405,-0.00125,-0.00056, 0.03663, 0.00781, 7.47177, 8.22874, 0.03620,2109.41287,-2.24415,-0.09358, 0.09447,
14.00000,199.35457,19.13071,-168.25531,-0.02114, 2.81040, 0.14422, 8.41276,-0.03259, 0.00486, 0.03418, 0.17248,-0.02216,-0.00119,-0.00068, 0.03649, 0.00765, 7.32891, 8.10944, 0.03602,2109.41287,-2.24415,-0.09358, 0.09447,
14.10000,200.18729,19.26212,-165.76851,-0.01880, 2.82738, 0.14214, 8.24151,-0.02895, 0.00681, 0.01598, 0.16708,-0.01920,-0.00113,-0.00078, 0.03626, 0.00749, 7.18544, 7.98959, 0.03577,2109.41287,-2.24415,-0.09358, 0.09447,
14.20000,201.00285,19.39325,-163.27010,-0.01824, 2.84381, 0.14040, 8.06956,-0.02576, 0.00825,-0.00199, 0.16146,-0.01540,-0.00107,-0.00085, 0.03595, 0.00734, 7.04138, 7.86917, 0.03544,2109.41287,-2.24415,-0.09358, 0.09447,
14.30000,201.80118,19.52407,-160.76019,-0.01939, 2.85967, 0.13907, 7.89696,-0.02302, 0.00913,-0.01864, 0.15571,-0.01107,-0.00103,-0.00089, 0.03555, 0.00718, 6.89675, 7.74820, 0.03504,2109.41287,-2.24415,-0.09358, 0.09447,
14.40000,202.58222,19.65457,-158.23891,-0.02207, 2.87495, 0.13818, 7.72374,-0.02069, 0.00941,-0.03300, 0.14994,-0.00650,-0.00098,-0.00090, 0.03508, 0.00702, 6.75160, 7.62668, 0.03457,2109.41287,-2.24415,-0.09358, 0.09447,
14.50000,203.34591,19.78471,-155.70640,-0.02599, 2.88966, 0.13776, 7.54993,-0.01875, 0.00912,-0.04431, 0.14420,-0.00201,-0.00095,-0.00087, 0.03454, 0.00686, 6.60593, 7.50462, 0.03404,2109.41287,-2.24415,-0.09358, 0.09447,
14.60000,204.09219,19.91450,-153.16284,-0.03084, 2.90379, 0.13777, 7.37558,-0.01717, 0.00831,-0.05206, 0.13858, 0.00213,-0.00091,-0.00082, 0.03394, 0.00670, 6.45979, 7.38203, 0.03345,2109.41287,-2.24415,-0.09358, 0.09447,
14.70000,204.82101,20.04391,-150.60842,-0.03625, 2.91738, 0.13817, 7.20071,-0.01592, 0.00705,-0.05599, 0.13311, 0.00568,-0.00088,-0.00074, 0.03328, 0.00654, 6.31320, 7.25891, 0.03281,2109.41287,-2.24415,-0.09358, 0.09447,
14.80000,205.53231,20.17294,-148.04334,-0.04182, 2.93042, 0.13888, 7.02535,-0.01496, 0.00545,-0.05608, 0.12785, 0.00846,-0.00086,-0.00065, 0.03258, 0.00638, 6.16617, 7.13528, 0.03212,2109.41287,-2.24415,-0.09358, 0.09447,
14.90000,206.22606,20.30159,-145.46784,-0.04721, 2.94296, 0.13983, 6.84955,-0.01424, 0.00364,-0.05258, 0.12282, 0.01033,-0.00083,-0.00055, 0.03183, 0.00621, 6.01875, 7.01115, 0.03139,2109.41287,-2.24415,-0.09358, 0.09447,
15.00000,206.90221,20.42985,-142.88215,-0.05207, 2.95500, 0.14092, 6.67332,-0.01373, 0.00173,-0.04591, 0.11804, 0.01124,-0.00081,-0.00044, 0.03105, 0.00605, 5.87095, 6.88653, 0.03064,2109.41287,-2.24415,-0.09358, 0.09447,
15.10000,207.56071,20.55774,-140.28652,-0.05613, 2.96657, 0.14206, 6.49670,-0.01340,-0.00015,-0.03671, 0.11353, 0.01118,-0.00079,-0.00034, 0.03024, 0.00589, 5.72279, 6.76142, 0.02985,2109.41287,-2.24415,-0.09358, 0.09447,
15.20000,208.20154,20.68526,-137.68121,-0.05918, 2.97771, 0.14314, 6.31971,-0.01320,-0.00189,-0.02569, 0.10929, 0.01022,-0.00077,-0.00024, 0.02941, 0.00573, 5.57430, 6.63586, 0.02905,2109.41287,-2.24415,-0.09358, 0.09447,
15.30000,208.82464,20.81243,-135.06649,-0.06108, 2.98844, 0.14408, 6.14238,-0.01310,-0.00338,-0.01367, 0.10531, 0.00847,-0.00076,-0.00015, 0.02857, 0.00556, 5.42549, 6.50983, 0.02822,2109.41287,-2.24415,-0.09358, 0.09447,
15.40000,209.43000,20.93926,-132.44262,-0.06177, 2.99878, 0.14481, 5.96472,-0.01308,-0.00455,-0.00146, 0.10159, 0.00609,-0.00074,-0.00009, 0.02771, 0.00540, 5.27639, 6.38337, 0.02739,2109.41287,-2.24415,-0.09358, 0.09447,
15.50000,210.01758,21.06576,-129.80988,-0.06129, 3.00876, 0.14529, 5.78677,-0.01310,-0.00535, 0.01016, 0.09811, 0.00327,-0.00072,-0.00004, 0.02685, 0.00524, 5.12701, 6.25648, 0.02655,2109.41287,-2.24415,-0.09358, 0.09447,
15.60000,210.58734,21.19196,-127.16856,-0.05974, 3.01841, 0.14546, 5.60854,-0.01315,-0.00574, 0.02049, 0.09485, 0.00021,-0.00071,-0.00001, 0.02599, 0.00507, 4.97737, 6.12917, 0.02571,2109.41287,-2.24415,-0.09358, 0.09447,
15.70000,211.13928,21.31786,-124.51891,-0.05726, 3.02774, 0.14533, 5.43004,-0.01319,-0.00573, 0.02897, 0.09180,-0.00288,-0.00069,-0.00000, 0.02512, 0.00491, 4.82748, 6.00147, 0.02486,2109.41287,-2.24415,-0.09358, 0.09447,
15.80000,211.67334,21.44349,-121.86122,-0.05406, 3.03678, 0.14489, 5.25130,-0.01321,-0.00535, 0.03518, 0.08894,-0.00581,-0.00068,-0.00002, 0.02427, 0.00475, 4.67735, 5.87338, 0.02402,2109.41287,-2.24415,-0.09358, 0.09447,
15.90000,212.18953,21.56886,-119.19577,-0.05039, 3.04553, 0.14417, 5.07233,-0.01320,-0.00464, 0.03886, 0.08623,-0.00840,-0.00066,-0.00004, 0.02342, 0.00458, 4.52701, 5.74491, 0.02318,2109.41287,-2.24415,-0.09358, 0.09447,
16.00000,212.68780,21.69398,-116.52282,-0.04651, 3.05403, 0.14322, 4.89315,-0.01314,-0.00367, 0.03993, 0.08366,-0.01052,-0.00064,-0.00009, 0.02258, 0.00442, 4.37646, 5.61608, 0.02235,2109.41287,-2.24415,-0.09358, 0.09447,
16.10000,213.16815,21.81884,-113.84264,-0.04266, 3.06227, 0.14208, 4.71376,-0.01302,-0.00251, 0.03849, 0.08121,-0.01204,-0.00062,-0.00014, 0.02175, 0.00425, 4.22572, 5.48690, 0.02153,2109.41287,-2.24415,-0.09358, 0.09447,
16.20000,213.63055,21.94347,-111.15551,-0.03908, 3.07027, 0.14083, 4.53419,-0.01285,-0.00124, 0.03477, 0.07885,-0.01292,-0.00060,-0.00019, 0.02093, 0.00409, 4.07479, 5.35739, 0.02072,2109.41287,-2.24415,-0.09358, 0.09447,
16.30000,214.07498,22.06785,-108.46167,-0.03597, 3.07804, 0.13951, 4.35445,-0.01260, 0.00004, 0.02914, 0.07657,-0.01314,-0.00058,-0.00025, 0.02012, 0.00392, 3.92370, 5.22755, 0.01992,2109.41287,-2.24415,-0.09358, 0.09447,
16.40000,214.50143,22.19198,-105.76140,-0.03350, 3.08559, 0.13821, 4.17454,-0.01229, 0.00125, 0.02207, 0.07434,-0.01273,-0.00056,-0.00030, 0.01933, 0.00376, 3.77244, 5.09741, 0.01913,2109.41287,-2.24415,-0.09358, 0.09447,
16.50000,214.90989,22.31587,-103.05494,-0.03179, 3.09291, 0.13698, 3.99449,-0.01191, 0.00233, 0.01408, 0.07215,-0.01173,-0.00054,-0.00035, 0.01854, 0.00359, 3.62104, 4.96696, 0.01835,2109.41287,-2.24415,-0.09358, 0.09447,
16.60000,215.30033,22.43950,-100.34254,-0.03088, 3.10002, 0.13587, 3.81429,-0.01146, 0.00321, 0.00572, 0.06998,-0.01026,-0.00052,-0.00038, 0.01777, 0.00342, 3.46949, 4.83623, 0.01758,2109.41287,-2.24415,-0.09358, 0.09447,
16.70000,215.67274,22.56287,-97.62446,-0.03080, 3.10691, 0.13493, 3.63398,-0.01095, 0.00385,-0.00245, 0.06783,-0.00842,-0.00049,-0.00040, 0.01701, 0.00326, 3.31782, 4.70523, 0.01682,2109.41287,-2.24415,-0.09358, 0.09447,
16.80000,216.02712,22.68596,-94.90094,-0.03148, 3.11358, 0.13419, 3.45355,-0.01037, 0.00422,-0.00995, 0.06568,-0.00636,-0.00047,-0.00041, 0.01626, 0.00309, 3.16603, 4.57396, 0.01607,2109.41287,-2.24415,-0.09358, 0.09447,
16.90000,216.36345,22.80878,-92.17221,-0.03285, 3.12004, 0.13366, 3.27302,-0.00974, 0.00432,-0.01635, 0.06352,-0.00422,-0.00044,-0.00041, 0.01552, 0.00293, 3.01414, 4.44245, 0.01533,2109.41287,-2.24415,-0.09358, 0.09447,
17.00000,216.68172,22.93130,-89.43851,-0.03477, 3.12629, 0.13334, 3.09241,-0.00905, 0.00415,-0.02132, 0.06134,-0.00212,-0.00042,-0.00039, 0.01479, 0.00276, 2.86215, 4.31069, 0.01459,2109.41287,-2.24415,-0.09358, 0.09447,
17.10000,216.98193,23.05354,-86.70008,-0.03709, 3.13231, 0.13323, 2.91172,-0.00832, 0.00374,-0.02463, 0.05914,-0.00020,-0.00039,-0.00036, 0.01406, 0.00260, 2.71007, 4.17871, 0.01387,2109.41287,-2.24415,-0.09358, 0.09447,
17.20000,217.26406,23.17548,-83.95715,-0.03964, 3.13811, 0.13329, 2.73096,-0.00754, 0.00314,-0.02618, 0.05692, 0.00143,-0.00036,-0.00031, 0.01334, 0.00243, 2.55792, 4.04650, 0.01315,2109.41287,-2.24415,-0.09358, 0.09447,
17.30000,217.52812,23.29712,-81.20995,-0.04225, 3.14369, 0.13350, 2.55016,-0.00673, 0.00238,-0.02598, 0.05466, 0.00270,-0.00034,-0.00027, 0.01263, 0.00226, 2.40570, 3.91410, 0.01243,2109.41287,-2.24415,-0.09358, 0.09447,
17.40000,217.77409,23.41846,-78.45871,-0.04474, 3.14905, 0.13382, 2.36931,-0.00588, 0.00152,-0.02415, 0.05237, 0.00354,-0.00031,-0.00021, 0.01193, 0.00210, 2.25343, 3.78149, 0.01172,2109.41287,-2.24415,-0.09358, 0.09447,
17.50000,218.00198,23.53950,-75.70365,-0.04698, 3.15417, 0.13420, 2.18844,-0.00500, 0.00062,-0.02090, 0.05004, 0.00394,-0.00028,-0.00016, 0.01122, 0.00193, 2.10112, 3.64871, 0.01101,2109.41287,-2.24415,-0.09358, 0.09447,
17.60000,218.21178,23.66024,-72.94499,-0.04883, 3.15905, 0.13459, 2.00756,-0.00411,-0.00026,-0.01652, 0.04768, 0.00389,-0.00025,-0.00011, 0.01052, 0.00177, 1.94878, 3.51575, 0.01031,2109.41287,-2.24415,-0.09358, 0.09447,
17.70000,218.40349,23.78070,-70.18297,-0.05020, 3.16370, 0.13497, 1.82669,-0.00319,-0.00106,-0.01136, 0.04528, 0.00344,-0.00023,-0.00006, 0.00983, 0.00160, 1.79642, 3.38263, 0.00961,2109.41287,-2.24415,-0.09358, 0.09447,
17.80000,218.57712,23.90087,-67.41780,-0.05103, 3.16811, 0.13527, 1.64582,-0.00226,-0.00176,-0.00577, 0.04284, 0.00262,-0.00020,-0.00001, 0.00913, 0.00143, 1.64405, 3.24935, 0.00891,2109.41287,-2.24415,-0.09358, 0.09447,
17.90000,218.73266,24.02076,-64.64970,-0.05131, 3.17227, 0.13548, 1.46499,-0.00132,-0.00230,-0.00014, 0.04037, 0.00152,-0.00017, 0.00002, 0.00844, 0.00127, 1.49168, 3.11594, 0.00821,2109.41287,-2.24415,-0.09358, 0.09447,
18.00000,218.87011,24.14039,-61.87891,-0.05104, 3.17618, 0.13557, 1.28419,-0.00038,-0.00267, 0.00519, 0.03785, 0.00023,-0.00014, 0.00005, 0.00774, 0.00110, 1.33933, 2.98239, 0.00752,2109.41287,-2.24415,-0.09358, 0.09447,
18.10000,218.98950,24.25975,-59.10563,-0.05029, 3.17984, 0.13553, 1.10346, 0.00056,-0.00286, 0.00990, 0.03531,-0.00117,-0.00011, 0.00006, 0.00705, 0.00093, 1.18701, 2.84873, 0.00682,2109.41287,-2.24415,-0.09358, 0.09447,
18.20000,219.09081,24.37886,-56.33010,-0.04911, 3.18324, 0.13534, 0.92279, 0.00151,-0.00286, 0.01374, 0.03273,-0.00257,-0.00008, 0.00007, 0.00635, 0.00077, 1.03473, 2.71496, 0.00612,2109.41287,-2.24415,-0.09358, 0.09447,
18.30000,219.17406,24.49773,-53.55253,-0.04761, 3.18638, 0.13501, 0.74221, 0.00245,-0.00270, 0.01651, 0.03012,-0.00389,-0.00005, 0.00007, 0.00565, 0.00060, 0.88249, 2.58108, 0.00542,2109.41287,-2.24415,-0.09358, 0.09447,
18.40000,219.23925,24.61636,-50.77315,-0.04591, 3.18926, 0.13456, 0.56173, 0.00338,-0.00238, 0.01812, 0.02749,-0.00506,-0.00002, 0.00006, 0.00495, 0.00044, 0.73032, 2.44713, 0.00472,2109.41287,-2.24415,-0.09358, 0.09447,
18.50000,219.28641,24.73476,-47.99219,-0.04411, 3.19188, 0.13400, 0.38136, 0.00430,-0.00195, 0.01854, 0.02483,-0.00600, 0.00000, 0.00004, 0.00425, 0.00027, 0.57823, 2.31309, 0.00402,2109.41287,-2.24415,-0.09358, 0.09447,
18.60000,219.31553,24.85292,-45.20986,-0.04233, 3.19423, 0.13337, 0.20112, 0.00522,-0.00143, 0.01781, 0.02215,-0.00667, 0.00003, 0.00002, 0.00355, 0.00011, 0.42622, 2.17899, 0.00331,2109.41287,-2.24415,-0.09358, 0.09447,
18.70000,219.32664,24.97086,-42.42638,-0.04069, 3.19631, 0.13268, 0.02103, 0.00612,-0.00087, 0.01605, 0.01945,-0.00705, 0.00006, 0.00000, 0.00285,-0.00006, 0.27432, 2.04483, 0.00261,2109.41287,-2.24415,-0.09358, 0.09447,
18.80000,219.31974,25.08857,-39.64200,-0.03926, 3.19812, 0.13196,-0.15891, 0.00701,-0.00031, 0.01343, 0.01674,-0.00712, 0.00009,-0.00002, 0.00214,-0.00022, 0.12253, 1.91064, 0.00190,2109.41287,-2.24415,-0.09358, 0.09447,
18.90000,219.29486,25.20605,-36.85692,-0.03813, 3.19966, 0.13126,-0.33867, 0.00789, 0.00022, 0.01017, 0.01402,-0.00690, 0.00012,-0.00004, 0.00144,-0.00039,-0.02914, 1.77640, 0.00119,2109.41287,-2.24415,-0.09358, 0.09447,
19.00000,219.25201,25.32330,-34.07138,-0.03735, 3.20092, 0.13059,-0.51824, 0.00875, 0.00069, 0.00651, 0.01129,-0.00643, 0.00014,-0.00005, 0.00073,-0.00055,-0.18066, 1.64215, 0.00049,2109.41287,-2.24415,-0.09358, 0.09447,
19.10000,219.19122,25.44032,-31.28561,-0.03694, 3.20192, 0.12997,-0.69761, 0.00960, 0.00107, 0.00270, 0.00856,-0.00574, 0.00017,-0.00007, 0.00002,-0.00072,-0.33204, 1.50788,-0.00022,2109.41287,-2.24415,-0.09358, 0.09447,
19.20000,219.11250,25.55711,-28.49982,-0.03690, 3.20264, 0.12944,-0.87676, 0.01044, 0.00134,-0.00101, 0.00583,-0.00489, 0.00020,-0.00007,-0.00069,-0.00088,-0.48325, 1.37361,-0.00094,2109.41287,-2.24415,-0.09358, 0.09447,
19.30000,219.01587,25.67366,-25.71425,-0.03721, 3.20308, 0.12900,-1.05567, 0.01127, 0.00149,-0.00439, 0.00310,-0.00394, 0.00022,-0.00007,-0.00140,-0.00105,-0.63428, 1.23936,-0.00165,2109.41287,-2.24415,-0.09358, 0.09447,
19.40000,218.90137,25.78998,-22.92913,-0.03782, 3.20326, 0.12865,-1.23434, 0.01208, 0.00151,-0.00726, 0.00038,-0.00296, 0.00025,-0.00006,-0.00212,-0.00121,-0.78512, 1.10512,-0.00236,2109.41287,-2.24415,-0.09358, 0.09447,
19.50000,218.76901,25.90605,-20.14467,-0.03868, 3.20316, 0.12840,-1.41274, 0.01289, 0.00141,-0.00947,-0.00234,-0.00201, 0.00028,-0.00005,-0.00283,-0.00138,-0.93576, 0.97092,-0.00307,2109.41287,-2.24415,-0.09358, 0.09447,
19.60000,218.61883,26.02187,-17.36112,-0.03972, 3.20279, 0.12824,-1.59086, 0.01368, 0.00121,-0.01092,-0.00504,-0.00114, 0.00030,-0.00003,-0.00354,-0.00154,-1.08619, 0.83676,-0.00379,2109.41287,-2.24415,-0.09358, 0.09447,
19.70000,218.45085,26.13745,-14.57870,-0.04086, 3.20215, 0.12817,-1.76868, 0.01447, 0.00091,-0.01156,-0.00774,-0.00040, 0.00033,-0.00000,-0.00426,-0.00170,-1.23638, 0.70265,-0.00450,2109.41287,-2.24415,-0.09358, 0.09447,
19.80000,218.26511,26.25279,-11.79764,-0.04201, 3.20124, 0.12816,-1.94620, 0.01524, 0.00055,-0.01141,-0.01042, 0.00016, 0.00036, 0.00002,-0.00497,-0.00186,-1.38634, 0.56861,-0.00521,2109.41287,-2.24415,-0.09358, 0.09447,
19.90000,218.06162,26.36788,-9.01816,-0.04311, 3.20007, 0.12819,-2.12339, 0.01602, 0.00015,-0.01052,-0.01310, 0.00054, 0.00038, 0.00005,-0.00568,-0.00203,-1.53604, 0.43465,-0.00592,2109.41287,-2.24415,-0.09358, 0.09447,
20.00000,217.84044,26.48274,-6.24050,-0.04409, 3.19862, 0.12826,-2.30024, 0.01678,-0.00027,-0.00900,-0.01576, 0.00071, 0.00041, 0.00008,-0.00640,-0.00219,-1.68548, 0.30077,-0.00663,2109.41287,-2.24415,-0.09358, 0.09447,
=======
 1.00000, 0.00000, 0.00000, 0.00000, 0.00000, 0.00000, 0.00000, 0.00000, 0.00000, 0.00000, 0.00000, 0.00000, 0.00000, 0.00004, 0.00000, 0.00029, 0.00000, 0.00000, 0.00000, 0.00029,2109.41287, 2.75585,-0.09358, 0.09447,
 1.10000, 0.00049, 0.00001, 0.00643,-0.00059,-0.07248, 0.00095, 0.01380,-0.08981,-0.00096,-0.01623,-1.87969, 0.02462, 0.01047, 0.00030, 0.04909, 0.00001, 0.01030,-0.00031, 0.04909,2109.41287, 2.75585,-0.09358, 0.09447,
 1.20000, 0.00355, 0.00013, 0.02547,-0.00259,-0.40447, 0.00531, 0.05206,-0.42492,-0.00520,-0.02706,-4.77118, 0.06217, 0.00606, 0.00142,-0.04503, 0.00005, 0.03885,-0.00123,-0.04503,2109.41287, 2.75585,-0.09358, 0.09447,
 1.30000, 0.01209, 0.00072, 0.02894,-0.00403,-1.02106, 0.01325, 0.12605,-0.99969,-0.01242,-0.00824,-7.51362, 0.09483,-0.00262, 0.00336,-0.18891, 0.00012, 0.09427,-0.00139,-0.18891,2109.41287, 2.75585,-0.09358, 0.09447,
 1.40000, 0.03045, 0.00238,-0.02904,-0.00148,-1.89653, 0.02400, 0.25083,-1.77428,-0.02129, 0.04891,-9.93935, 0.11762,-0.01368, 0.00593,-0.36298, 0.00024, 0.18812, 0.00140,-0.36298,2109.41287, 2.75585,-0.09358, 0.09447,
 1.50000, 0.06441, 0.00596,-0.20436, 0.00891,-2.99741, 0.03644, 0.44002,-2.70585,-0.03016, 0.14550,-12.02028, 0.12836,-0.02641, 0.00893,-0.55809, 0.00042, 0.33094, 0.00985,-0.55809,2109.41287, 2.75585,-0.09358, 0.09447,
 1.60000, 0.12099, 0.01249,-0.55972, 0.03079,-4.28904, 0.04932, 0.70519,-3.75331,-0.03730, 0.27692,-13.75517, 0.12634,-0.04032, 0.01216,-0.76703, 0.00067, 0.53179, 0.02698,-0.76703,2109.41287, 2.75585,-0.09358, 0.09447,
 1.70000, 0.20829, 0.02311,-1.16231, 0.06713,-5.73722, 0.06138, 1.05575,-4.87857,-0.04109, 0.43430,-15.15345, 0.11216,-0.05494, 0.01542,-0.98340, 0.00100, 0.79813, 0.05602,-0.98340,2109.41287, 2.75585,-0.09358, 0.09447,
 1.80000, 0.33524, 0.03908,-2.08176, 0.11988,-7.30906, 0.07148, 1.49906,-6.04704,-0.04014, 0.60595,-16.23159, 0.08751,-0.06988, 0.01855,-1.20154, 0.00142, 1.13590, 0.10034,-1.20154,2109.41287, 2.75585,-0.09358, 0.09447,
 1.90000, 0.51138, 0.06170,-3.38828, 0.18973,-8.97358, 0.07867, 2.04056,-7.22804,-0.03345, 0.77885,-17.01126, 0.05496,-0.08478, 0.02140,-1.41652, 0.00193, 1.54959, 0.16331,-1.41652,2109.41287, 2.75585,-0.09358, 0.09447,
 2.00000, 0.74674, 0.09228,-5.15108, 0.27611,-10.70220, 0.08234, 2.68389,-8.39491,-0.02043, 0.93995,-17.51775, 0.01770,-0.09934, 0.02387,-1.62415, 0.00253, 2.04237, 0.24827,-1.62415,2109.41287, 2.75585,-0.09358, 0.09447,
 2.10000, 1.05162, 0.13211,-7.43703, 0.37720,-12.46895, 0.08219, 3.43110,-9.52509,-0.00098, 1.07732,-17.77885,-0.02076,-0.11331, 0.02591,-1.82098, 0.00323, 2.61617, 0.35844,-1.82098,2109.41287, 2.75585,-0.09358, 0.09447,
 2.20000, 1.43645, 0.18241,-10.30955, 0.49013,-14.25076, 0.07826, 4.28281,-10.60000, 0.02454, 1.18111,-17.82368,-0.05687,-0.12648, 0.02749,-2.00428, 0.00404, 3.27184, 0.49689,-2.00428,2109.41287, 2.75585,-0.09358, 0.09447,
 2.30000, 1.91165, 0.24433,-13.82771, 0.61118,-16.02747, 0.07097, 5.23841,-11.60488, 0.05532, 1.24419,-17.68189,-0.08727,-0.13868, 0.02859,-2.17199, 0.00493, 4.00929, 0.66646,-2.17199,2109.41287, 2.75585,-0.09358, 0.09447,
 2.40000, 2.48754, 0.31890,-18.04557, 0.73611,-17.78190, 0.06104, 6.29621,-12.52859, 0.09018, 1.26259,-17.38286,-0.10908,-0.14981, 0.02927,-2.32266, 0.00593, 4.82758, 0.86975,-2.32266,2109.41287, 2.75585,-0.09358, 0.09447,
 2.50000, 3.17422, 0.40705,-23.01170, 0.86048,-19.49975, 0.04945, 7.45370,-13.36333, 0.12764, 1.23564,-16.95513,-0.12007,-0.15979, 0.02958,-2.45541, 0.00701, 5.72513, 1.10910,-2.45541,2109.41287, 2.75585,-0.09358, 0.09447,
 2.60000, 3.98149, 0.50959,-28.76895, 0.97994,-21.16954, 0.03736, 8.70764,-14.10429, 0.16606, 1.16587,-16.42587,-0.11876,-0.16857, 0.02958,-2.56987, 0.00819, 6.69976, 1.38658,-2.56987,2109.41287, 2.75585,-0.09358, 0.09447,
 2.70000, 4.91883, 0.62720,-35.35423, 1.09056,-22.78239, 0.02605,10.05428,-14.74936, 0.20372, 1.05872,-15.82050,-0.10452,-0.17615, 0.02937,-2.66609, 0.00945, 7.74890, 1.70398,-2.66609,2109.41287, 2.75585,-0.09358, 0.09447,
 2.80000, 5.99530, 0.76043,-42.79862, 1.18907,-24.33188, 0.01681,11.48948,-15.29880, 0.23893, 0.92198,-15.16239,-0.07761,-0.18254, 0.02903,-2.74452, 0.01080, 8.86963, 2.06278,-2.74452,2109.41287, 2.75585,-0.09358, 0.09447,
 2.90000, 7.21954, 0.90975,-51.12744, 1.27309,-25.81382, 0.01087,13.00887,-15.75485, 0.27016, 0.76523,-14.47266,-0.03907,-0.18779, 0.02864,-2.80589, 0.01222,10.05884, 2.46420,-2.80589,2109.41287, 2.75585,-0.09358, 0.09447,
 3.00000, 8.59973, 1.07552,-60.36055, 1.34121,-27.22599, 0.00931,14.60797,-16.12143, 0.29613, 0.59903,-13.77006, 0.00934,-0.19203, 0.02828,-2.85180, 0.01372,11.31327, 2.90921,-2.85180,2109.41287,-7.24415,-0.09358, 0.09447,
 3.10000,10.14266, 1.25799,-70.52548, 1.39429,-28.42298, 0.01110,16.25468,-16.22417, 0.31776, 0.46673,-9.31150, 0.01604,-0.21603, 0.02741,-2.97986, 0.01526,12.60907, 3.39913,-2.97986,2109.41287,-7.24415,-0.09358, 0.09447,
 3.20000,11.85145, 1.45718,-81.64448, 1.43469,-29.03182, 0.01195,17.92328,-15.75841, 0.33907, 0.33549,-2.84665, 0.00163,-0.20944, 0.02504,-2.80855, 0.01682,13.92707, 3.93504,-2.80855,2109.41287,-7.24415,-0.09358, 0.09447,
 3.30000,13.72715, 1.67257,-93.66672, 1.46015,-29.00460, 0.01183,19.58695,-14.74249, 0.35924, 0.16612, 3.29132,-0.00118,-0.19347, 0.02121,-2.52563, 0.01837,15.24690, 4.51448,-2.52563,2109.41287,-7.24415,-0.09358, 0.09447,
 3.40000,15.76754, 1.90307,-106.50205, 1.46634,-28.39614, 0.01234,21.21161,-13.26365, 0.37576,-0.05111, 8.75786, 0.01456,-0.17199, 0.01628,-2.17171, 0.01988,16.54244, 5.13311,-2.17171,2109.41287,-7.24415,-0.09358, 0.09447,
 3.50000,17.96713, 2.14718,-120.03691, 1.44871,-27.27756, 0.01543,22.76622,-11.41539, 0.38583,-0.31283,13.48976, 0.05041,-0.14653, 0.01066,-1.76655, 0.02133,17.78976, 5.78545,-1.76655,2109.41287,-7.24415,-0.09358, 0.09447,
 3.60000,20.31756, 2.40300,-134.14114, 1.40354,-25.72295, 0.02309,24.22422,-9.28775, 0.38684,-0.60661,17.47943, 0.10525,-0.11819, 0.00474,-1.32607, 0.02269,18.96816, 6.46523,-1.32607,2109.41287,-7.24415,-0.09358, 0.09447,
 3.70000,22.80802, 2.66839,-148.67312, 1.32865,-23.80591, 0.03707,25.56368,-6.96471, 0.37662,-0.91388,20.74247, 0.17588,-0.08797,-0.00114,-0.86445, 0.02393,20.06035, 7.16563,-0.86445,2109.41287,-7.24415,-0.09358, 0.09447,
 3.80000,25.42575, 2.94106,-163.48436, 1.22386,-21.59765, 0.05874,26.76710,-4.52293, 0.35368,-1.21289,23.31021, 0.25744,-0.05677,-0.00667,-0.39437, 0.02504,21.05232, 7.87950,-0.39437,2109.41287,-7.24415,-0.09358, 0.09447,
 3.90000,28.15646, 3.21867,-178.42361, 1.09119,-19.16562, 0.08889,27.82123,-2.03091, 0.31736,-1.48131,25.22569, 0.34396,-0.02537,-0.01165, 0.07307, 0.02601,21.93319, 8.59953, 0.07307,2109.41287,-7.24415,-0.09358, 0.09447,
 4.00000,30.98471, 3.49889,-193.34038, 0.93475,-16.57254, 0.12769,28.71668, 0.45144, 0.26787,-1.69864,26.54057, 0.42889, 0.00554,-0.01592, 0.52836, 0.02683,22.69504, 9.31847, 0.52836,2109.41287,-7.24415,-0.09358, 0.09447,
 4.10000,33.89431, 3.77947,-208.08810, 0.76050,-13.87562, 0.17466,29.44764, 2.87287, 0.20633,-1.84801,27.31235, 0.50563, 0.03536,-0.01940, 0.96356, 0.02749,23.33261,10.02927, 0.96356,2109.41287,-7.24415,-0.09358, 0.09447,
 4.20000,36.86866, 4.05833,-222.52657, 0.57579,-11.12613, 0.22866,30.01145, 5.19075, 0.13465,-1.91757,27.60218, 0.56806, 0.06364,-0.02208, 1.37232, 0.02800,23.84306,10.72517, 1.37232,2109.41287,-7.24415,-0.09358, 0.09447,
 4.30000,39.89103, 4.33358,-236.52412, 0.38881,-8.36915, 0.28798,30.40825, 7.37074, 0.05543,-1.90132,27.47283, 0.61101, 0.08999,-0.02400, 1.74969, 0.02835,24.22568,11.39981, 1.74969,2109.41287,-7.24415,-0.09358, 0.09447,
 4.40000,42.94482, 4.60357,-249.95913, 0.20801,-5.64345, 0.35046,30.64052, 9.38635,-0.02823,-1.79941,26.98707, 0.63055, 0.11413,-0.02526, 2.09214, 0.02855,24.48159,12.04734, 2.09214,2109.41287,-7.24415,-0.09358, 0.09447,
 4.50000,46.01380, 4.86688,-262.72122, 0.04151,-2.98157, 0.41362,30.71273,11.21839,-0.11291,-1.61799,26.20627, 0.62428, 0.13586,-0.02598, 2.39735, 0.02859,24.61347,12.66244, 2.39735,2109.41287,-7.24415,-0.09358, 0.09447,
 4.60000,49.08224, 5.12234,-274.71197,-0.10349,-0.41006, 0.47481,30.63097,12.85433,-0.19512,-1.36854,25.18929, 0.59144, 0.15508,-0.02630, 2.66412, 0.02849,24.62529,13.24036, 2.66412,2109.41287,-7.24415,-0.09358, 0.09447,
 4.70000,52.13510, 5.36904,-285.84534,-0.22115, 2.05027, 0.53142,30.40257,14.28763,-0.27149,-1.06695,23.99155, 0.53294, 0.17174,-0.02638, 2.89226, 0.02825,24.52201,13.77696, 2.89226,2109.41287,-7.24415,-0.09358, 0.09447,
 4.80000,55.15814, 5.60629,-296.04772,-0.30739, 4.38394, 0.58096,30.03578,15.51699,-0.33899,-0.73225,22.66434, 0.45125, 0.18585,-0.02636, 3.08240, 0.02789,24.30936,14.26869, 3.08240,2109.41287,-7.24415,-0.09358, 0.09447,
 4.90000,58.13794, 5.83361,-305.25772,-0.36009, 6.58038, 0.62130,29.53943,16.54564,-0.39508,-0.38526,21.25433, 0.35017, 0.19748,-0.02640, 3.23589, 0.02740,23.99359,14.71258, 3.23589,2109.41287,-7.24415,-0.09358, 0.09447,
 5.00000,61.06201, 6.05068,-313.42577,-0.37923, 8.63344, 0.65073,28.92273,17.38065,-0.43789,-0.04714,19.80321, 0.23461, 0.20679,-0.02659, 3.35496, 0.02680,23.58128,15.10626, 3.35496,2109.41287,-2.24415,-0.09358, 0.09447,
 5.10000,63.91927, 6.25733,-320.50704,-0.36738,10.46839, 0.66902,28.20875,17.94235,-0.46722, 0.24582,16.46785, 0.13480, 0.22426,-0.02672, 3.49020, 0.02611,23.08947,15.44756, 3.49020,2109.41287,-2.24415,-0.09358, 0.09447,
 5.20000,66.70115, 6.45359,-326.46738,-0.32923,11.89938, 0.67805,27.41734,18.08787,-0.48500, 0.49747,12.14755, 0.04507, 0.22485,-0.02631, 3.45291, 0.02535,22.53281,15.73483, 3.45291,2109.41287,-2.24415,-0.09358, 0.09447,
 5.30000,69.40083, 6.63981,-331.31653,-0.26822,12.90534, 0.67799,26.56864,17.83729,-0.49134, 0.71769, 8.02943,-0.04643, 0.21931,-0.02540, 3.33923, 0.02454,21.92645,15.96854, 3.33923,2109.41287,-2.24415,-0.09358, 0.09447,
 5.40000,72.01376, 6.81659,-335.09052,-0.18753,13.51842, 0.66869,25.68616,17.24614,-0.48602, 0.90494, 4.30252,-0.13905, 0.20974,-0.02412, 3.17182, 0.02370,21.28823,16.15044, 3.17182,2109.41287,-2.24415,-0.09358, 0.09447,
 5.50000,74.53765, 6.98480,-337.84298,-0.09068,13.78041, 0.65015,24.79143,16.37372,-0.46911, 1.05471, 1.01161,-0.23005, 0.19705,-0.02265, 2.96297, 0.02284,20.63461,16.28310, 2.96297,2109.41287,-2.24415,-0.09358, 0.09447,
 5.60000,76.97227, 7.14542,-339.64094, 0.01835,13.73574, 0.62270,23.90329,15.27782,-0.44112, 1.16160,-1.82971,-0.31615, 0.18196,-0.02112, 2.72304, 0.02200,19.98010,16.36976, 2.72304,2109.41287,-2.24415,-0.09358, 0.09447,
 5.70000,79.31907, 7.29956,-340.56148, 0.13506,13.42943, 0.58700,23.03773,14.01318,-0.40299, 1.22054,-4.22250,-0.39393, 0.16513,-0.01963, 2.46145, 0.02118,19.33717,16.41413, 2.46145,2109.41287,-2.24415,-0.09358, 0.09447,
 5.80000,81.58101, 7.44834,-340.68869, 0.25452,12.90581, 0.54405,22.20797,12.63054,-0.35611, 1.22786,-6.17848,-0.46014, 0.14715,-0.01825, 2.18678, 0.02039,18.71622,16.42026, 2.18678,2109.41287,-2.24415,-0.09358, 0.09447,
 5.90000,83.76221, 7.59285,-340.11094, 0.37160,12.20763, 0.49517,21.42453,11.17603,-0.30225, 1.18206,-7.71769,-0.51191, 0.12856,-0.01701, 1.90668, 0.01965,18.12569,16.39241, 1.90668,2109.41287,-2.24415,-0.09358, 0.09447,
 6.00000,85.86773, 7.73414,-338.91833, 0.48113,11.37529, 0.44191,20.69542, 9.69082,-0.24347, 1.08428,-8.86661,-0.54702, 0.10986,-0.01593, 1.62785, 0.01896,17.57212,16.33493, 1.62785,2109.41287,-2.24415,-0.09358, 0.09447,
 6.10000,87.90330, 7.87317,-337.20064, 0.57823,10.44628, 0.38603,20.02633, 8.21084,-0.18201, 0.93844,-9.65648,-0.56404, 0.09144,-0.01499, 1.35600, 0.01833,17.06031,16.25214, 1.35600,2109.41287,-2.24415,-0.09358, 0.09447,
 6.20000,89.87511, 8.01076,-335.04539, 0.65855, 9.45481, 0.32937,19.42080, 6.76680,-0.12021, 0.75116,-10.12186,-0.56241, 0.07366,-0.01415, 1.09591, 0.01776,16.59347,16.14827, 1.09591,2109.41287,-2.24415,-0.09358, 0.09447,
 6.30000,91.78963, 8.14765,-332.53635, 0.71851, 8.43151, 0.27381,18.88051, 5.38427,-0.06036, 0.53139,-10.29934,-0.54250, 0.05681,-0.01337, 0.85140, 0.01726,16.17335,16.02734, 0.85140,2109.41287,-2.24415,-0.09358, 0.09447,
 6.40000,93.65339, 8.28440,-329.75228, 0.75555, 7.40329, 0.22110,18.40547, 4.08384,-0.00460, 0.28992,-10.22641,-0.50561, 0.04111,-0.01258, 0.62544, 0.01681,15.80044,15.89315, 0.62544,2109.41287,-2.24415,-0.09358, 0.09447,
 6.50000,95.47286, 8.42148,-326.76602, 0.76820, 6.39332, 0.17287,17.99426, 2.88140, 0.04523, 0.03867,-9.94056,-0.45382, 0.02673,-0.01175, 0.42015, 0.01643,15.47413,15.74922, 0.42015,2109.41287,-2.24415,-0.09358, 0.09447,
 6.60000,97.25429, 8.55923,-323.64372, 0.75621, 5.42105, 0.13046,17.64429, 1.78848, 0.08759,-0.20999,-9.47841,-0.38992, 0.01379,-0.01084, 0.23694, 0.01610,15.19288,15.59874, 0.23694,2109.41287,-2.24415,-0.09358, 0.09447,
 6.70000,99.00364, 8.69786,-320.44446, 0.72053, 4.50234, 0.09493,17.35201, 0.81263, 0.12141,-0.44401,-8.87512,-0.31721, 0.00235,-0.00980, 0.07653, 0.01583,14.95439,15.44454, 0.07653,2109.41287,-2.24415,-0.09358, 0.09447,
 6.80000,100.72647, 8.83751,-317.21997, 0.66325, 3.64963, 0.06699,17.11312,-0.04217, 0.14605,-0.65238,-8.16376,-0.23931,-0.00755,-0.00861,-0.06095, 0.01561,14.75574,15.28913,-0.06095,2109.41287,-2.24415,-0.09358, 0.09447,
 6.90000,102.42788, 8.97825,-314.01462, 0.58744, 2.87216, 0.04697,16.92276,-0.77508, 0.16133,-0.82576,-7.37500,-0.15992,-0.01593,-0.00729,-0.17588, 0.01544,14.59358,15.13464,-0.17588,2109.41287,-2.24415,-0.09358, 0.09447,
 7.00000,104.11247, 9.12007,-310.86550, 0.49697, 2.17627, 0.03483,16.77574,-1.38800, 0.16754,-0.95695,-6.53673,-0.08269,-0.02282,-0.00584,-0.26904, 0.01530,14.46422,14.98286,-0.26904,2109.41287,-2.24415,-0.09358, 0.09447,
 7.10000,105.78429, 9.26293,-307.80269, 0.39628, 1.56563, 0.03020,16.66662,-1.88507, 0.16539,-1.04128,-5.67390,-0.01092,-0.02829,-0.00428,-0.34159, 0.01521,14.36380,14.83524,-0.34159,2109.41287,-2.24415,-0.09358, 0.09447,
 7.20000,107.44687, 9.40677,-304.84964, 0.29015, 1.04158, 0.03236,16.58995,-2.27233, 0.15592,-1.07676,-4.80840, 0.05253,-0.03243,-0.00266,-0.39494, 0.01514,14.28835,14.69291,-0.39494,2109.41287,-2.24415,-0.09358, 0.09447,
 7.30000,109.10318, 9.55153,-302.02361, 0.18334, 0.60341, 0.04038,16.54029,-2.55726, 0.14047,-1.06412,-3.95904, 0.10540,-0.03534,-0.00103,-0.43073, 0.01510,14.23392,14.55671,-0.43073,2109.41287,-2.24415,-0.09358, 0.09447,
 7.40000,110.75566, 9.69712,-299.33620, 0.08046, 0.24870, 0.05311,16.51244,-2.74848, 0.12054,-1.00663,-3.14160, 0.14613,-0.03714, 0.00056,-0.45072, 0.01508,14.19667,14.42718,-0.45072,2109.41287,-2.24415,-0.09358, 0.09447,
 7.50000,112.40623, 9.84348,-296.79392,-0.01439,-0.02640, 0.06927,16.50139,-2.85533, 0.09774,-0.90982,-2.36892, 0.17389,-0.03794, 0.00205,-0.45676, 0.01507,14.17290,14.30465,-0.45676,2109.41287,-2.24415,-0.09358, 0.09447,
 7.60000,114.05634, 9.99056,-294.39878,-0.09772,-0.22691, 0.08756,16.50252,-2.88762, 0.07367,-0.78105,-1.65103, 0.18860,-0.03787, 0.00339,-0.45073, 0.01508,14.15915,14.18921,-0.45073,2109.41287,-2.24415,-0.09358, 0.09447,
 7.70000,115.70700,10.13833,-292.14888,-0.16686,-0.35869, 0.10669,16.51153,-2.85535, 0.04984,-0.62898,-0.99540, 0.19087,-0.03706, 0.00453,-0.43450, 0.01509,14.15219,14.08077,-0.43450,2109.41287,-2.24415,-0.09358, 0.09447,
 7.80000,117.35878,10.28676,-290.03906,-0.22006,-0.42824, 0.12547,16.52460,-2.76844, 0.02761,-0.46306,-0.40708, 0.18195,-0.03563, 0.00542,-0.40988, 0.01511,14.14912,13.97908,-0.40988,2109.41287,-2.24415,-0.09358, 0.09447,
 7.90000,119.01193,10.43585,-288.06143,-0.25648,-0.44245, 0.14288,16.53828,-2.63657, 0.00807,-0.29288, 0.11102, 0.16358,-0.03369, 0.00604,-0.37863, 0.01512,14.14732,13.88377,-0.37863,2109.41287,-2.24415,-0.09358, 0.09447,
 8.00000,120.66636,10.58558,-286.20596,-0.27623,-0.40841, 0.15805,16.54963,-2.46896,-0.00792,-0.12764, 0.55789, 0.13787,-0.03137, 0.00637,-0.34235, 0.01514,14.14452,13.79434,-0.34235,2109.41287,-2.24415,-0.09358, 0.09447,
 8.10000,122.32170,10.73596,-284.46099,-0.28028,-0.33322, 0.17037,16.55612,-2.27430,-0.01983, 0.02435, 0.93420, 0.10718,-0.02877, 0.00641,-0.30256, 0.01515,14.13875,13.71024,-0.30256,2109.41287,-2.24415,-0.09358, 0.09447,
 8.20000,123.97735,10.88697,-282.81373,-0.27034,-0.22385, 0.17947,16.55568,-2.06060,-0.02742, 0.15609, 1.24201, 0.07394,-0.02597, 0.00618,-0.26062, 0.01515,14.12838,13.63084,-0.26062,2109.41287,-2.24415,-0.09358, 0.09447,
 8.30000,125.63255,11.03859,-281.25069,-0.24874,-0.08700, 0.18520,16.54664,-1.83511,-0.03076, 0.26223, 1.48452, 0.04048,-0.02308, 0.00570,-0.21773, 0.01514,14.11208,13.55551,-0.21773,2109.41287,-2.24415,-0.09358, 0.09447,
 8.40000,127.28635,11.19079,-279.75808,-0.21822, 0.07101, 0.18765,16.52773,-1.60433,-0.03016, 0.33930, 1.66590, 0.00896,-0.02016, 0.00500,-0.17496, 0.01513,14.08882,13.48357,-0.17496,2109.41287,-2.24415,-0.09358, 0.09447,
 8.50000,128.93774,11.34353,-278.32212,-0.18175, 0.24431, 0.18712,16.49807,-1.37391,-0.02619, 0.38572, 1.79099,-0.01879,-0.01727, 0.00414,-0.13322, 0.01510,14.05784,13.41436,-0.13322,2109.41287,-2.24415,-0.09358, 0.09447,
 8.60000,130.58559,11.49671,-276.92937,-0.14237, 0.42751, 0.18406,16.45707,-1.14869,-0.01954, 0.40182, 1.86516,-0.04134,-0.01449, 0.00316,-0.09325, 0.01507,14.01863,13.34723,-0.09325,2109.41287,-2.24415,-0.09358, 0.09447,
 8.70000,132.22876,11.65025,-275.56695,-0.10297, 0.61583, 0.17903,16.40448,-0.93271,-0.01106, 0.38969, 1.89407,-0.05773,-0.01184, 0.00211,-0.05566, 0.01502,13.97092,13.28157,-0.05566,2109.41287,-2.24415,-0.09358, 0.09447,
 8.80000,133.86610,11.80403,-274.22277,-0.06615, 0.80501, 0.17270,16.34029,-0.72924,-0.00162, 0.35291, 1.88357,-0.06745,-0.00937, 0.00106,-0.02092, 0.01496,13.91463,13.21678,-0.02092,2109.41287,-2.24415,-0.09358, 0.09447,
 8.90000,135.49644,11.95792,-272.88562,-0.03411, 0.99142, 0.16573,16.26470,-0.54080, 0.00793, 0.29623, 1.83948,-0.07050,-0.00710, 0.00006, 0.01062, 0.01489,13.84985,13.15234, 0.01062,2109.41287,-2.24415,-0.09358, 0.09447,
 9.00000,137.11867,12.11178,-271.54533,-0.00849, 1.17198, 0.15877,16.17814,-0.36924, 0.01679, 0.22524, 1.76752,-0.06728,-0.00505,-0.00086, 0.03874, 0.01481,13.77682,13.08774, 0.03874,2109.41287,-2.24415,-0.09358, 0.09447,
 9.10000,138.73172,12.26544,-270.19284, 0.00961, 1.34418, 0.15241,16.08114,-0.21579, 0.02427, 0.14592, 1.67318,-0.05859,-0.00324,-0.00165, 0.06333, 0.01472,13.69590,13.02255, 0.06333,2109.41287,-2.24415,-0.09358, 0.09447,
 9.20000,140.33458,12.41877,-268.82021, 0.01970, 1.50604, 0.14716,15.97439,-0.08111, 0.02985, 0.06430, 1.56165,-0.04554,-0.00167,-0.00229, 0.08435, 0.01462,13.60755,12.95639, 0.08435,2109.41287,-2.24415,-0.09358, 0.09447,
 9.30000,141.92630,12.57161,-267.42066, 0.02187, 1.65610, 0.14338,15.85866, 0.03465, 0.03315,-0.01396, 1.43775,-0.02941,-0.00033,-0.00275, 0.10185, 0.01452,13.51230,12.88894, 0.10185,2109.41287,-2.24415,-0.09358, 0.09447,
 9.40000,143.50604,12.72381,-265.98855, 0.01673, 1.79333, 0.14131,15.73476, 0.13174, 0.03402,-0.08386, 1.30585,-0.01161, 0.00078,-0.00304, 0.11597, 0.01440,13.41074,12.81992, 0.11597,2109.41287,-2.24415,-0.09358, 0.09447,
 9.50000,145.07301,12.87527,-264.51931, 0.00533, 1.91713, 0.14106,15.60355, 0.21079, 0.03245,-0.14132, 1.16988, 0.00643, 0.00167,-0.00315, 0.12686, 0.01428,13.30348,12.74910, 0.12686,2109.41287,-2.24415,-0.09358, 0.09447,
 9.60000,146.62653,13.02588,-263.00941,-0.01092, 2.02728, 0.14257,15.46590, 0.27271, 0.02864,-0.18340, 1.03330, 0.02338, 0.00234,-0.00310, 0.13476, 0.01415,13.19113,12.67633, 0.13476,2109.41287,-2.24415,-0.09358, 0.09447,
 9.70000,148.16600,13.17557,-261.45630,-0.03041, 2.12387, 0.14567,15.32266, 0.31866, 0.02290,-0.20837, 0.89907, 0.03807, 0.00283,-0.00291, 0.13991, 0.01402,13.07434,12.60147, 0.13991,2109.41287,-2.24415,-0.09358, 0.09447,
 9.80000,149.69090,13.32427,-259.85831,-0.05141, 2.20726, 0.15010,15.17466, 0.34997, 0.01568,-0.21574, 0.76967, 0.04956, 0.00314,-0.00261, 0.14259, 0.01388,12.95371,12.52445, 0.14259,2109.41287,-2.24415,-0.09358, 0.09447,
 9.90000,151.20080,13.47199,-258.21456,-0.07222, 2.27804, 0.15549,15.02269, 0.36810, 0.00751,-0.20621, 0.64715, 0.05718, 0.00330,-0.00222, 0.14308, 0.01374,12.82983,12.44523, 0.14308,2109.41287,-2.24415,-0.09358, 0.09447,
10.00000,152.69533,13.61871,-256.52488,-0.09125, 2.33697, 0.16143,14.86750, 0.37455,-0.00106,-0.18156, 0.53309, 0.06055, 0.00332,-0.00179, 0.14167, 0.01360,12.70325,12.36379, 0.14167,2109.41287,-2.24415,-0.09358, 0.09447,
10.10000,154.17422,13.76448,-254.78972,-0.10717, 2.38497, 0.16749,14.70976, 0.37090,-0.00945,-0.14442, 0.42865, 0.05961, 0.00323,-0.00134, 0.13866, 0.01345,12.57448,12.28016, 0.13866,2109.41287,-2.24415,-0.09358, 0.09447,
10.20000,155.63722,13.90934,-253.01005,-0.11890, 2.42305, 0.17325,14.55009, 0.35868,-0.01713,-0.09806, 0.33466, 0.05459, 0.00304,-0.00090, 0.13432, 0.01331,12.44400,12.19439, 0.13432,2109.41287,-2.24415,-0.09358, 0.09447,
10.30000,157.08419,14.05338,-251.18724,-0.12574, 2.45227, 0.17832,14.38903, 0.33940,-0.02365,-0.04619, 0.25155, 0.04598, 0.00276,-0.00052, 0.12894, 0.01316,12.31221,12.10653, 0.12894,2109.41287,-2.24415,-0.09358, 0.09447,
10.40000,158.51500,14.19666,-249.32302,-0.12736, 2.47373, 0.18238,14.22706, 0.31451,-0.02864, 0.00739, 0.17950, 0.03446, 0.00243,-0.00020, 0.12275, 0.01301,12.17949,12.01668, 0.12275,2109.41287,-2.24415,-0.09358, 0.09447,
10.50000,159.92958,14.33929,-247.41938,-0.12379, 2.48853, 0.18517,14.06459, 0.28536,-0.03184, 0.05899, 0.11839, 0.02090, 0.00206, 0.00004, 0.11600, 0.01286,12.04615,11.92493, 0.11600,2109.41287,-2.24415,-0.09358, 0.09447,
10.60000,161.32791,14.48136,-245.47850,-0.11541, 2.49776, 0.18653,13.90196, 0.25320,-0.03313, 0.10526, 0.06792, 0.00621, 0.00165, 0.00019, 0.10890, 0.01271,11.91247,11.83139, 0.10890,2109.41287,-2.24415,-0.09358, 0.09447,
10.70000,162.70998,14.62296,-243.50265,-0.10291, 2.50246, 0.18641,13.73944, 0.21915,-0.03251, 0.14340, 0.02757,-0.00862, 0.00123, 0.00025, 0.10163, 0.01256,11.77866,11.73616, 0.10163,2109.41287,-2.24415,-0.09358, 0.09447,
10.80000,164.07581,14.76418,-241.49417,-0.08720, 2.50359, 0.18483,13.57724, 0.18424,-0.03008, 0.17129,-0.00330,-0.02267, 0.00080, 0.00022, 0.09436, 0.01241,11.64489,11.63935, 0.09436,2109.41287,-2.24415,-0.09358, 0.09447,
10.90000,165.42544,14.90510,-239.45540,-0.06939, 2.50209, 0.18191,13.41553, 0.14935,-0.02606, 0.18759,-0.02546,-0.03512, 0.00038, 0.00010, 0.08724, 0.01226,11.51129,11.54109, 0.08724,2109.41287,-2.24415,-0.09358, 0.09447,
11.00000,166.75894,15.04578,-237.38862,-0.05064, 2.49876, 0.17786,13.25439, 0.11523,-0.02078, 0.19179,-0.03973,-0.04527,-0.00003,-0.00008, 0.08038, 0.01211,11.37796,11.44148, 0.08038,2109.41287,-2.24415,-0.09358, 0.09447,
11.10000,168.07634,15.18625,-235.29606,-0.03214, 2.49437, 0.17293,13.09390, 0.08250,-0.01459, 0.18418,-0.04700,-0.05261,-0.00041,-0.00030, 0.07388, 0.01196,11.24495,11.34062, 0.07388,2109.41287,-2.24415,-0.09358, 0.09447,
11.20000,169.37774,15.32656,-233.17979,-0.01499, 2.48957, 0.16741,12.93407, 0.05169,-0.00790, 0.16579,-0.04816,-0.05684,-0.00077,-0.00056, 0.06781, 0.01181,11.11230,11.23862, 0.06781,2109.41287,-2.24415,-0.09358, 0.09447,
11.30000,170.66318,15.46672,-231.04178,-0.00018, 2.48491, 0.16163,12.77488, 0.02318,-0.00113, 0.13826,-0.04413,-0.05784,-0.00110,-0.00082, 0.06223, 0.01167,10.97999,11.13558, 0.06223,2109.41287,-2.24415,-0.09358, 0.09447,
11.40000,171.93273,15.60672,-228.88383, 0.01152, 2.48089, 0.15591,12.61630,-0.00274, 0.00533, 0.10375,-0.03577,-0.05573,-0.00139,-0.00107, 0.05716, 0.01152,10.84802,11.03157, 0.05716,2109.41287,-2.24415,-0.09358, 0.09447,
11.50000,173.18646,15.74655,-226.70756, 0.01955, 2.47788, 0.15054,12.45824,-0.02586, 0.01112, 0.06473,-0.02394,-0.05079,-0.00165,-0.00128, 0.05264, 0.01137,10.71633,10.92668, 0.05264,2109.41287,-2.24415,-0.09358, 0.09447,
11.60000,174.42440,15.88617,-224.51444, 0.02360, 2.47619, 0.14580,12.30063,-0.04610, 0.01594, 0.02380,-0.00944,-0.04347,-0.00187,-0.00146, 0.04866, 0.01123,10.58486,10.82098, 0.04866,2109.41287,-2.24415,-0.09358, 0.09447,
11.70000,175.64659,16.02557,-222.30574, 0.02365, 2.47605, 0.14188,12.14336,-0.06342, 0.01957,-0.01642, 0.00700,-0.03433,-0.00205,-0.00158, 0.04522, 0.01108,10.45356,10.71452, 0.04522,2109.41287,-2.24415,-0.09358, 0.09447,
11.80000,176.85308,16.16469,-220.08257, 0.01988, 2.47763, 0.13895,11.98632,-0.07785, 0.02187,-0.05354, 0.02472,-0.02402,-0.00220,-0.00164, 0.04230, 0.01094,10.32235,10.60737, 0.04230,2109.41287,-2.24415,-0.09358, 0.09447,
11.90000,178.04386,16.30350,-217.84587, 0.01273, 2.48102, 0.13708,11.82941,-0.08948, 0.02279,-0.08545, 0.04309,-0.01322,-0.00231,-0.00163, 0.03988, 0.01079,10.19115,10.49957, 0.03988,2109.41287,-2.24415,-0.09358, 0.09447,
12.00000,179.21896,16.44195,-215.59643, 0.00281, 2.48625, 0.13629,11.67249,-0.09847, 0.02237,-0.11052, 0.06161,-0.00260,-0.00240,-0.00157, 0.03793, 0.01065,10.05987,10.39115, 0.03793,2109.41287,-2.24415,-0.09358, 0.09447,
12.10000,180.37836,16.58001,-213.33487,-0.00915, 2.49333, 0.13653,11.51546,-0.10497, 0.02072,-0.12761, 0.07980, 0.00721,-0.00245,-0.00145, 0.03639, 0.01051, 9.92843,10.28215, 0.03639,2109.41287,-2.24415,-0.09358, 0.09447,
12.20000,181.52204,16.71766,-211.06169,-0.02232, 2.50219, 0.13769,11.35821,-0.10919, 0.01803,-0.13614, 0.09729, 0.01569,-0.00247,-0.00128, 0.03524, 0.01036, 9.79675,10.17259, 0.03524,2109.41287,-2.24415,-0.09358, 0.09447,
12.30000,182.64999,16.85487,-208.77726,-0.03584, 2.51275, 0.13962,11.20063,-0.11135, 0.01452,-0.13609, 0.11376, 0.02242,-0.00247,-0.00108, 0.03443, 0.01022, 9.66475,10.06249, 0.03443,2109.41287,-2.24415,-0.09358, 0.09447,
12.40000,183.76215,16.99162,-206.48184,-0.04891, 2.52490, 0.14212,11.04261,-0.11168, 0.01046,-0.12796, 0.12896, 0.02709,-0.00245,-0.00085, 0.03391, 0.01007, 9.53236, 9.95186, 0.03391,2109.41287,-2.24415,-0.09358, 0.09447,
12.50000,184.85849,17.12792,-204.17560,-0.06077, 2.53849, 0.14498,10.88408,-0.11043, 0.00615,-0.11272, 0.14270, 0.02957,-0.00241,-0.00063, 0.03365, 0.00993, 9.39952, 9.84070, 0.03365,2109.41287,-2.24415,-0.09358, 0.09447,
12.60000,185.93895,17.26377,-201.85862,-0.07080, 2.55339, 0.14798,10.72494,-0.10782, 0.00185,-0.09174, 0.15486, 0.02984,-0.00235,-0.00040, 0.03358, 0.00978, 9.26616, 9.72903, 0.03358,2109.41287,-2.24415,-0.09358, 0.09447,
12.70000,187.00346,17.39919,-199.53092,-0.07852, 2.56941, 0.15090,10.56513,-0.10408,-0.00217,-0.06663, 0.16535, 0.02805,-0.00228,-0.00020, 0.03369, 0.00963, 9.13224, 9.61684, 0.03369,2109.41287,-2.24415,-0.09358, 0.09447,
12.80000,188.05195,17.53419,-197.19247,-0.08361, 2.58640, 0.15355,10.40460,-0.09945,-0.00568,-0.03917, 0.17413, 0.02444,-0.00220,-0.00003, 0.03391, 0.00948, 8.99770, 9.50413, 0.03391,2109.41287,-2.24415,-0.09358, 0.09447,
12.90000,189.08435,17.66880,-194.84319,-0.08595, 2.60418, 0.15575,10.24328,-0.09413,-0.00850,-0.01118, 0.18121, 0.01936,-0.00212, 0.00011, 0.03423, 0.00934, 8.86251, 9.39091, 0.03423,2109.41287,-2.24415,-0.09358, 0.09447,
13.00000,190.10058,17.80306,-192.48299,-0.08558, 2.62259, 0.15739,10.08115,-0.08831,-0.01050, 0.01561, 0.18664, 0.01321,-0.00203, 0.00020, 0.03459, 0.00919, 8.72664, 9.27715, 0.03459,2109.41287,-2.24415,-0.09358, 0.09447,
13.10000,191.10055,17.93698,-190.11174,-0.08271, 2.64145, 0.15838, 9.91817,-0.08217,-0.01163, 0.03964, 0.19047, 0.00645,-0.00193, 0.00024, 0.03499, 0.00904, 8.59007, 9.16286, 0.03499,2109.41287,-2.24415,-0.09358, 0.09447,
13.20000,192.08418,18.07061,-187.72932,-0.07769, 2.66063, 0.15868, 9.75432,-0.07588,-0.01186, 0.05961, 0.19280,-0.00045,-0.00184, 0.00024, 0.03538, 0.00889, 8.45279, 9.04804, 0.03538,2109.41287,-2.24415,-0.09358, 0.09447,
13.30000,193.05139,18.20395,-185.33560,-0.07097, 2.67997, 0.15830, 9.58960,-0.06956,-0.01125, 0.07456, 0.19374,-0.00707,-0.00174, 0.00019, 0.03575, 0.00873, 8.31478, 8.93267, 0.03575,2109.41287,-2.24415,-0.09358, 0.09447,
13.40000,194.00208,18.33705,-182.93046,-0.06307, 2.69933, 0.15729, 9.42400,-0.06334,-0.00990, 0.08391, 0.19342,-0.01300,-0.00165, 0.00011, 0.03607, 0.00858, 8.17604, 8.81674, 0.03607,2109.41287,-2.24415,-0.09358, 0.09447,
13.50000,194.93616,18.46990,-180.51379,-0.05458, 2.71861, 0.15573, 9.25753,-0.05733,-0.00793, 0.08744, 0.19196,-0.01792,-0.00156,-0.00000, 0.03634, 0.00843, 8.03659, 8.70027, 0.03634,2109.41287,-2.24415,-0.09358, 0.09447,
13.60000,195.85355,18.60252,-178.08550,-0.04605, 2.73769, 0.15374, 9.09021,-0.05160,-0.00553, 0.08532, 0.18950,-0.02158,-0.00148,-0.00014, 0.03653, 0.00828, 7.89641, 8.58323, 0.03653,2109.41287,-2.24415,-0.09358, 0.09447,
13.70000,196.75417,18.73492,-175.64554,-0.03803, 2.75648, 0.15145, 8.92204,-0.04622,-0.00286, 0.07803, 0.18619,-0.02384,-0.00140,-0.00028, 0.03665, 0.00812, 7.75554, 8.46563, 0.03665,2109.41287,-2.24415,-0.09358, 0.09447,
13.80000,197.63793,18.86709,-173.19386,-0.03097, 2.77491, 0.14900, 8.75306,-0.04124,-0.00012, 0.06639, 0.18216,-0.02465,-0.00132,-0.00043, 0.03669, 0.00797, 7.61399, 8.34747, 0.03669,2109.41287,-2.24415,-0.09358, 0.09447,
13.90000,198.50476,18.99903,-170.73044,-0.02525, 2.79290, 0.14655, 8.58329,-0.03669, 0.00250, 0.05138, 0.17755,-0.02405,-0.00125,-0.00056, 0.03663, 0.00781, 7.47177, 8.22874, 0.03663,2109.41287,-2.24415,-0.09358, 0.09447,
14.00000,199.35457,19.13071,-168.25531,-0.02114, 2.81040, 0.14422, 8.41276,-0.03259, 0.00486, 0.03418, 0.17248,-0.02216,-0.00119,-0.00068, 0.03649, 0.00765, 7.32891, 8.10944, 0.03649,2109.41287,-2.24415,-0.09358, 0.09447,
14.10000,200.18729,19.26212,-165.76851,-0.01880, 2.82738, 0.14214, 8.24151,-0.02895, 0.00681, 0.01598, 0.16708,-0.01920,-0.00113,-0.00078, 0.03626, 0.00749, 7.18544, 7.98959, 0.03626,2109.41287,-2.24415,-0.09358, 0.09447,
14.20000,201.00285,19.39325,-163.27010,-0.01824, 2.84381, 0.14040, 8.06956,-0.02576, 0.00825,-0.00199, 0.16146,-0.01540,-0.00107,-0.00085, 0.03595, 0.00734, 7.04138, 7.86917, 0.03595,2109.41287,-2.24415,-0.09358, 0.09447,
14.30000,201.80118,19.52407,-160.76019,-0.01939, 2.85967, 0.13907, 7.89696,-0.02302, 0.00913,-0.01864, 0.15571,-0.01107,-0.00103,-0.00089, 0.03555, 0.00718, 6.89675, 7.74820, 0.03555,2109.41287,-2.24415,-0.09358, 0.09447,
14.40000,202.58222,19.65457,-158.23891,-0.02207, 2.87495, 0.13818, 7.72374,-0.02069, 0.00941,-0.03300, 0.14994,-0.00650,-0.00098,-0.00090, 0.03508, 0.00702, 6.75160, 7.62668, 0.03508,2109.41287,-2.24415,-0.09358, 0.09447,
14.50000,203.34591,19.78471,-155.70640,-0.02599, 2.88966, 0.13776, 7.54993,-0.01875, 0.00912,-0.04431, 0.14420,-0.00201,-0.00095,-0.00087, 0.03454, 0.00686, 6.60593, 7.50462, 0.03454,2109.41287,-2.24415,-0.09358, 0.09447,
14.60000,204.09219,19.91450,-153.16284,-0.03084, 2.90379, 0.13777, 7.37558,-0.01717, 0.00831,-0.05206, 0.13858, 0.00213,-0.00091,-0.00082, 0.03394, 0.00670, 6.45979, 7.38203, 0.03394,2109.41287,-2.24415,-0.09358, 0.09447,
14.70000,204.82101,20.04391,-150.60842,-0.03625, 2.91738, 0.13817, 7.20071,-0.01592, 0.00705,-0.05599, 0.13311, 0.00568,-0.00088,-0.00074, 0.03328, 0.00654, 6.31320, 7.25891, 0.03328,2109.41287,-2.24415,-0.09358, 0.09447,
14.80000,205.53231,20.17294,-148.04334,-0.04182, 2.93042, 0.13888, 7.02535,-0.01496, 0.00545,-0.05608, 0.12785, 0.00846,-0.00086,-0.00065, 0.03258, 0.00638, 6.16617, 7.13528, 0.03258,2109.41287,-2.24415,-0.09358, 0.09447,
14.90000,206.22606,20.30159,-145.46784,-0.04721, 2.94296, 0.13983, 6.84955,-0.01424, 0.00364,-0.05258, 0.12282, 0.01033,-0.00083,-0.00055, 0.03183, 0.00621, 6.01875, 7.01115, 0.03183,2109.41287,-2.24415,-0.09358, 0.09447,
15.00000,206.90221,20.42985,-142.88215,-0.05207, 2.95500, 0.14092, 6.67332,-0.01373, 0.00173,-0.04591, 0.11804, 0.01124,-0.00081,-0.00044, 0.03105, 0.00605, 5.87095, 6.88653, 0.03105,2109.41287,-2.24415,-0.09358, 0.09447,
15.10000,207.56071,20.55774,-140.28652,-0.05613, 2.96657, 0.14206, 6.49670,-0.01340,-0.00015,-0.03671, 0.11353, 0.01118,-0.00079,-0.00034, 0.03024, 0.00589, 5.72279, 6.76142, 0.03024,2109.41287,-2.24415,-0.09358, 0.09447,
15.20000,208.20154,20.68526,-137.68121,-0.05918, 2.97771, 0.14314, 6.31971,-0.01320,-0.00189,-0.02569, 0.10929, 0.01022,-0.00077,-0.00024, 0.02941, 0.00573, 5.57430, 6.63586, 0.02941,2109.41287,-2.24415,-0.09358, 0.09447,
15.30000,208.82464,20.81243,-135.06649,-0.06108, 2.98844, 0.14408, 6.14238,-0.01310,-0.00338,-0.01367, 0.10531, 0.00847,-0.00076,-0.00015, 0.02857, 0.00556, 5.42549, 6.50983, 0.02857,2109.41287,-2.24415,-0.09358, 0.09447,
15.40000,209.43000,20.93926,-132.44262,-0.06177, 2.99878, 0.14481, 5.96472,-0.01308,-0.00455,-0.00146, 0.10159, 0.00609,-0.00074,-0.00009, 0.02771, 0.00540, 5.27639, 6.38337, 0.02771,2109.41287,-2.24415,-0.09358, 0.09447,
15.50000,210.01758,21.06576,-129.80988,-0.06129, 3.00876, 0.14529, 5.78677,-0.01310,-0.00535, 0.01016, 0.09811, 0.00327,-0.00072,-0.00004, 0.02685, 0.00524, 5.12701, 6.25648, 0.02685,2109.41287,-2.24415,-0.09358, 0.09447,
15.60000,210.58734,21.19196,-127.16856,-0.05974, 3.01841, 0.14546, 5.60854,-0.01315,-0.00574, 0.02049, 0.09485, 0.00021,-0.00071,-0.00001, 0.02599, 0.00507, 4.97737, 6.12917, 0.02599,2109.41287,-2.24415,-0.09358, 0.09447,
15.70000,211.13928,21.31786,-124.51891,-0.05726, 3.02774, 0.14533, 5.43004,-0.01319,-0.00573, 0.02897, 0.09180,-0.00288,-0.00069,-0.00000, 0.02512, 0.00491, 4.82748, 6.00147, 0.02512,2109.41287,-2.24415,-0.09358, 0.09447,
15.80000,211.67334,21.44349,-121.86122,-0.05406, 3.03678, 0.14489, 5.25130,-0.01321,-0.00535, 0.03518, 0.08894,-0.00581,-0.00068,-0.00002, 0.02427, 0.00475, 4.67735, 5.87338, 0.02427,2109.41287,-2.24415,-0.09358, 0.09447,
15.90000,212.18953,21.56886,-119.19577,-0.05039, 3.04553, 0.14417, 5.07233,-0.01320,-0.00464, 0.03886, 0.08623,-0.00840,-0.00066,-0.00004, 0.02342, 0.00458, 4.52701, 5.74491, 0.02342,2109.41287,-2.24415,-0.09358, 0.09447,
16.00000,212.68780,21.69398,-116.52282,-0.04651, 3.05403, 0.14322, 4.89315,-0.01314,-0.00367, 0.03993, 0.08366,-0.01052,-0.00064,-0.00009, 0.02258, 0.00442, 4.37646, 5.61608, 0.02258,2109.41287,-2.24415,-0.09358, 0.09447,
16.10000,213.16815,21.81884,-113.84264,-0.04266, 3.06227, 0.14208, 4.71376,-0.01302,-0.00251, 0.03849, 0.08121,-0.01204,-0.00062,-0.00014, 0.02175, 0.00425, 4.22572, 5.48690, 0.02175,2109.41287,-2.24415,-0.09358, 0.09447,
16.20000,213.63055,21.94347,-111.15551,-0.03908, 3.07027, 0.14083, 4.53419,-0.01285,-0.00124, 0.03477, 0.07885,-0.01292,-0.00060,-0.00019, 0.02093, 0.00409, 4.07479, 5.35739, 0.02093,2109.41287,-2.24415,-0.09358, 0.09447,
16.30000,214.07498,22.06785,-108.46167,-0.03597, 3.07804, 0.13951, 4.35445,-0.01260, 0.00004, 0.02914, 0.07657,-0.01314,-0.00058,-0.00025, 0.02012, 0.00392, 3.92370, 5.22755, 0.02012,2109.41287,-2.24415,-0.09358, 0.09447,
16.40000,214.50143,22.19198,-105.76140,-0.03350, 3.08559, 0.13821, 4.17454,-0.01229, 0.00125, 0.02207, 0.07434,-0.01273,-0.00056,-0.00030, 0.01933, 0.00376, 3.77244, 5.09741, 0.01933,2109.41287,-2.24415,-0.09358, 0.09447,
16.50000,214.90989,22.31587,-103.05494,-0.03179, 3.09291, 0.13698, 3.99449,-0.01191, 0.00233, 0.01408, 0.07215,-0.01173,-0.00054,-0.00035, 0.01854, 0.00359, 3.62104, 4.96696, 0.01854,2109.41287,-2.24415,-0.09358, 0.09447,
16.60000,215.30033,22.43950,-100.34254,-0.03088, 3.10002, 0.13587, 3.81429,-0.01146, 0.00321, 0.00572, 0.06998,-0.01026,-0.00052,-0.00038, 0.01777, 0.00342, 3.46949, 4.83623, 0.01777,2109.41287,-2.24415,-0.09358, 0.09447,
16.70000,215.67274,22.56287,-97.62446,-0.03080, 3.10691, 0.13493, 3.63398,-0.01095, 0.00385,-0.00245, 0.06783,-0.00842,-0.00049,-0.00040, 0.01701, 0.00326, 3.31782, 4.70523, 0.01701,2109.41287,-2.24415,-0.09358, 0.09447,
16.80000,216.02712,22.68596,-94.90094,-0.03148, 3.11358, 0.13419, 3.45355,-0.01037, 0.00422,-0.00995, 0.06568,-0.00636,-0.00047,-0.00041, 0.01626, 0.00309, 3.16603, 4.57396, 0.01626,2109.41287,-2.24415,-0.09358, 0.09447,
16.90000,216.36345,22.80878,-92.17221,-0.03285, 3.12004, 0.13366, 3.27302,-0.00974, 0.00432,-0.01635, 0.06352,-0.00422,-0.00044,-0.00041, 0.01552, 0.00293, 3.01414, 4.44245, 0.01552,2109.41287,-2.24415,-0.09358, 0.09447,
17.00000,216.68172,22.93130,-89.43851,-0.03477, 3.12629, 0.13334, 3.09241,-0.00905, 0.00415,-0.02132, 0.06134,-0.00212,-0.00042,-0.00039, 0.01479, 0.00276, 2.86215, 4.31069, 0.01479,2109.41287,-2.24415,-0.09358, 0.09447,
17.10000,216.98193,23.05354,-86.70008,-0.03709, 3.13231, 0.13323, 2.91172,-0.00832, 0.00374,-0.02463, 0.05914,-0.00020,-0.00039,-0.00036, 0.01406, 0.00260, 2.71007, 4.17871, 0.01406,2109.41287,-2.24415,-0.09358, 0.09447,
17.20000,217.26406,23.17548,-83.95715,-0.03964, 3.13811, 0.13329, 2.73096,-0.00754, 0.00314,-0.02618, 0.05692, 0.00143,-0.00036,-0.00031, 0.01334, 0.00243, 2.55792, 4.04650, 0.01334,2109.41287,-2.24415,-0.09358, 0.09447,
17.30000,217.52812,23.29712,-81.20995,-0.04225, 3.14369, 0.13350, 2.55016,-0.00673, 0.00238,-0.02598, 0.05466, 0.00270,-0.00034,-0.00027, 0.01263, 0.00226, 2.40570, 3.91410, 0.01263,2109.41287,-2.24415,-0.09358, 0.09447,
17.40000,217.77409,23.41846,-78.45871,-0.04474, 3.14905, 0.13382, 2.36931,-0.00588, 0.00152,-0.02415, 0.05237, 0.00354,-0.00031,-0.00021, 0.01193, 0.00210, 2.25343, 3.78149, 0.01193,2109.41287,-2.24415,-0.09358, 0.09447,
17.50000,218.00198,23.53950,-75.70365,-0.04698, 3.15417, 0.13420, 2.18844,-0.00500, 0.00062,-0.02090, 0.05004, 0.00394,-0.00028,-0.00016, 0.01122, 0.00193, 2.10112, 3.64871, 0.01122,2109.41287,-2.24415,-0.09358, 0.09447,
17.60000,218.21178,23.66024,-72.94499,-0.04883, 3.15905, 0.13459, 2.00756,-0.00411,-0.00026,-0.01652, 0.04768, 0.00389,-0.00025,-0.00011, 0.01052, 0.00177, 1.94878, 3.51575, 0.01052,2109.41287,-2.24415,-0.09358, 0.09447,
17.70000,218.40349,23.78070,-70.18297,-0.05020, 3.16370, 0.13497, 1.82669,-0.00319,-0.00106,-0.01136, 0.04528, 0.00344,-0.00023,-0.00006, 0.00983, 0.00160, 1.79642, 3.38263, 0.00983,2109.41287,-2.24415,-0.09358, 0.09447,
17.80000,218.57712,23.90087,-67.41780,-0.05103, 3.16811, 0.13527, 1.64582,-0.00226,-0.00176,-0.00577, 0.04284, 0.00262,-0.00020,-0.00001, 0.00913, 0.00143, 1.64405, 3.24935, 0.00913,2109.41287,-2.24415,-0.09358, 0.09447,
17.90000,218.73266,24.02076,-64.64970,-0.05131, 3.17227, 0.13548, 1.46499,-0.00132,-0.00230,-0.00014, 0.04037, 0.00152,-0.00017, 0.00002, 0.00844, 0.00127, 1.49168, 3.11594, 0.00844,2109.41287,-2.24415,-0.09358, 0.09447,
18.00000,218.87011,24.14039,-61.87891,-0.05104, 3.17618, 0.13557, 1.28419,-0.00038,-0.00267, 0.00519, 0.03785, 0.00023,-0.00014, 0.00005, 0.00774, 0.00110, 1.33933, 2.98239, 0.00774,2109.41287,-2.24415,-0.09358, 0.09447,
18.10000,218.98950,24.25975,-59.10563,-0.05029, 3.17984, 0.13553, 1.10346, 0.00056,-0.00286, 0.00990, 0.03531,-0.00117,-0.00011, 0.00006, 0.00705, 0.00093, 1.18701, 2.84873, 0.00705,2109.41287,-2.24415,-0.09358, 0.09447,
18.20000,219.09081,24.37886,-56.33010,-0.04911, 3.18324, 0.13534, 0.92279, 0.00151,-0.00286, 0.01374, 0.03273,-0.00257,-0.00008, 0.00007, 0.00635, 0.00077, 1.03473, 2.71496, 0.00635,2109.41287,-2.24415,-0.09358, 0.09447,
18.30000,219.17406,24.49773,-53.55253,-0.04761, 3.18638, 0.13501, 0.74221, 0.00245,-0.00270, 0.01651, 0.03012,-0.00389,-0.00005, 0.00007, 0.00565, 0.00060, 0.88249, 2.58108, 0.00565,2109.41287,-2.24415,-0.09358, 0.09447,
18.40000,219.23925,24.61636,-50.77315,-0.04591, 3.18926, 0.13456, 0.56173, 0.00338,-0.00238, 0.01812, 0.02749,-0.00506,-0.00002, 0.00006, 0.00495, 0.00044, 0.73032, 2.44713, 0.00495,2109.41287,-2.24415,-0.09358, 0.09447,
18.50000,219.28641,24.73476,-47.99219,-0.04411, 3.19188, 0.13400, 0.38136, 0.00430,-0.00195, 0.01854, 0.02483,-0.00600, 0.00000, 0.00004, 0.00425, 0.00027, 0.57823, 2.31309, 0.00425,2109.41287,-2.24415,-0.09358, 0.09447,
18.60000,219.31553,24.85292,-45.20986,-0.04233, 3.19423, 0.13337, 0.20112, 0.00522,-0.00143, 0.01781, 0.02215,-0.00667, 0.00003, 0.00002, 0.00355, 0.00011, 0.42622, 2.17899, 0.00355,2109.41287,-2.24415,-0.09358, 0.09447,
18.70000,219.32664,24.97086,-42.42638,-0.04069, 3.19631, 0.13268, 0.02103, 0.00612,-0.00087, 0.01605, 0.01945,-0.00705, 0.00006, 0.00000, 0.00285,-0.00006, 0.27432, 2.04483, 0.00285,2109.41287,-2.24415,-0.09358, 0.09447,
18.80000,219.31974,25.08857,-39.64200,-0.03926, 3.19812, 0.13196,-0.15891, 0.00701,-0.00031, 0.01343, 0.01674,-0.00712, 0.00009,-0.00002, 0.00214,-0.00022, 0.12253, 1.91064, 0.00214,2109.41287,-2.24415,-0.09358, 0.09447,
18.90000,219.29486,25.20605,-36.85692,-0.03813, 3.19966, 0.13126,-0.33867, 0.00789, 0.00022, 0.01017, 0.01402,-0.00690, 0.00012,-0.00004, 0.00144,-0.00039,-0.02914, 1.77640, 0.00144,2109.41287,-2.24415,-0.09358, 0.09447,
19.00000,219.25201,25.32330,-34.07138,-0.03735, 3.20092, 0.13059,-0.51824, 0.00875, 0.00069, 0.00651, 0.01129,-0.00643, 0.00014,-0.00005, 0.00073,-0.00055,-0.18066, 1.64215, 0.00073,2109.41287,-2.24415,-0.09358, 0.09447,
19.10000,219.19122,25.44032,-31.28561,-0.03694, 3.20192, 0.12997,-0.69761, 0.00960, 0.00107, 0.00270, 0.00856,-0.00574, 0.00017,-0.00007, 0.00002,-0.00072,-0.33204, 1.50788, 0.00002,2109.41287,-2.24415,-0.09358, 0.09447,
19.20000,219.11250,25.55711,-28.49982,-0.03690, 3.20264, 0.12944,-0.87676, 0.01044, 0.00134,-0.00101, 0.00583,-0.00489, 0.00020,-0.00007,-0.00069,-0.00088,-0.48325, 1.37361,-0.00069,2109.41287,-2.24415,-0.09358, 0.09447,
19.30000,219.01587,25.67366,-25.71425,-0.03721, 3.20308, 0.12900,-1.05567, 0.01127, 0.00149,-0.00439, 0.00310,-0.00394, 0.00022,-0.00007,-0.00140,-0.00105,-0.63428, 1.23936,-0.00140,2109.41287,-2.24415,-0.09358, 0.09447,
19.40000,218.90137,25.78998,-22.92913,-0.03782, 3.20326, 0.12865,-1.23434, 0.01208, 0.00151,-0.00726, 0.00038,-0.00296, 0.00025,-0.00006,-0.00212,-0.00121,-0.78512, 1.10512,-0.00212,2109.41287,-2.24415,-0.09358, 0.09447,
19.50000,218.76901,25.90605,-20.14467,-0.03868, 3.20316, 0.12840,-1.41274, 0.01289, 0.00141,-0.00947,-0.00234,-0.00201, 0.00028,-0.00005,-0.00283,-0.00138,-0.93576, 0.97092,-0.00283,2109.41287,-2.24415,-0.09358, 0.09447,
19.60000,218.61883,26.02187,-17.36112,-0.03972, 3.20279, 0.12824,-1.59086, 0.01368, 0.00121,-0.01092,-0.00504,-0.00114, 0.00030,-0.00003,-0.00354,-0.00154,-1.08619, 0.83676,-0.00354,2109.41287,-2.24415,-0.09358, 0.09447,
19.70000,218.45085,26.13745,-14.57870,-0.04086, 3.20215, 0.12817,-1.76868, 0.01447, 0.00091,-0.01156,-0.00774,-0.00040, 0.00033,-0.00000,-0.00426,-0.00170,-1.23638, 0.70265,-0.00426,2109.41287,-2.24415,-0.09358, 0.09447,
19.80000,218.26511,26.25279,-11.79764,-0.04201, 3.20124, 0.12816,-1.94620, 0.01524, 0.00055,-0.01141,-0.01042, 0.00016, 0.00036, 0.00002,-0.00497,-0.00186,-1.38634, 0.56861,-0.00497,2109.41287,-2.24415,-0.09358, 0.09447,
19.90000,218.06162,26.36788,-9.01816,-0.04311, 3.20007, 0.12819,-2.12339, 0.01602, 0.00015,-0.01052,-0.01310, 0.00054, 0.00038, 0.00005,-0.00568,-0.00203,-1.53604, 0.43465,-0.00568,2109.41287,-2.24415,-0.09358, 0.09447,
20.00000,217.84044,26.48274,-6.24050,-0.04409, 3.19862, 0.12826,-2.30024, 0.01678,-0.00027,-0.00900,-0.01576, 0.00071, 0.00041, 0.00008,-0.00640,-0.00219,-1.68548, 0.30077,-0.00640,2109.41287,-2.24415,-0.09358, 0.09447,
>>>>>>> Stashed changes
