
time,npos,epos,alt,phi,theta,psi,vel,alpha,beta,p,q,r,nx,ny,nz,mach,qbar,ps,thrust,ele,ail,rud

 0.00000, 0.00000, 0.00000, 0.00000, 0.00000, 0.00000, 0.00000, 0.00000, 0.00000, 0.00000, 0.00000, 0.00000, 0.00000, 0.00000, 0.00000, 0.00000, 0.00000, 0.00000, 0.00000, 0.00000,2120.62145,-2.46069, 0.00000,-0.00000,
 0.10000, 0.00000, 0.00000, 0.00000, 0.00000, 0.00000, 0.00000, 0.00000, 0.00000, 0.00000, 0.00000, 0.00000, 0.00000, 0.00000, 0.00000, 0.00000, 0.00000, 0.00000, 0.00000, 0.00000,2120.62145,-2.46069, 0.00000,-0.00000,
 0.20000, 0.00000, 0.00000, 0.00000, 0.00000, 0.00000, 0.00000, 0.00000, 0.00000, 0.00000, 0.00000, 0.00000, 0.00000, 0.00000, 0.00000, 0.00000, 0.00000, 0.00000, 0.00000, 0.00000,2120.62145,-2.46069, 0.00000,-0.00000,
 0.30000, 0.00000, 0.00000, 0.00000, 0.00000, 0.00000, 0.00000, 0.00000, 0.00000, 0.00000, 0.00000, 0.00000, 0.00000, 0.00000, 0.00000, 0.00000, 0.00000, 0.00000, 0.00000, 0.00000,2120.62145,-2.46069, 0.00000,-0.00000,
 0.40000, 0.00000, 0.00000, 0.00000, 0.00000, 0.00000, 0.00000, 0.00000, 0.00000, 0.00000, 0.00000, 0.00000, 0.00000, 0.00000, 0.00000, 0.00000, 0.00000, 0.00000, 0.00000, 0.00000,2120.62145,-2.46069, 0.00000,-0.00000,
 0.50000, 0.00000, 0.00000, 0.00000, 0.00000, 0.00000, 0.00000, 0.00000, 0.00000, 0.00000, 0.00000, 0.00000, 0.00000, 0.00000, 0.00000, 0.00000, 0.00000, 0.00000, 0.00000, 0.00000,2120.62145,-2.46069, 0.00000,-0.00000,
 0.60000, 0.00000, 0.00000, 0.00000, 0.00000, 0.00000, 0.00000, 0.00000, 0.00000, 0.00000, 0.00000, 0.00000, 0.00000, 0.00000, 0.00000, 0.00000, 0.00000, 0.00000, 0.00000, 0.00000,2120.62145,-2.46069, 0.00000,-0.00000,
 0.70000, 0.00000, 0.00000, 0.00000, 0.00000, 0.00000, 0.00000, 0.00000, 0.00000, 0.00000, 0.00000, 0.00000, 0.00000, 0.00000, 0.00000, 0.00000, 0.00000, 0.00000, 0.00000, 0.00000,2120.62145,-2.46069, 0.00000,-0.00000,
 0.80000, 0.00000, 0.00000, 0.00000, 0.00000, 0.00000, 0.00000, 0.00000, 0.00000, 0.00000, 0.00000, 0.00000, 0.00000, 0.00000, 0.00000, 0.00000, 0.00000, 0.00000, 0.00000, 0.00000,2120.62145,-2.46069, 0.00000,-0.00000,
 0.90000, 0.00000, 0.00000, 0.00000, 0.00000, 0.00000, 0.00000, 0.00000, 0.00000, 0.00000, 0.00000, 0.00000, 0.00000, 0.00000, 0.00000, 0.00000, 0.00000, 0.00000, 0.00000, 0.00000,2120.62145,-2.46069, 0.00000,-0.00000,
 1.00000, 0.00000, 0.00000, 0.00000, 0.00000, 0.00000, 0.00000, 0.00000, 0.00000, 0.00000, 0.00000, 0.00000, 0.00000, 0.00005, 0.00025, 0.00028, 0.00000, 0.00000, 0.00000,-0.00126,2120.62145, 2.53931, 9.00000, 9.00000,
 1.10000, 0.00088, 0.00630, 0.00604,-0.43792,-0.06931,-0.07899, 0.02398,-0.08558, 0.06316,-11.06711,-1.79670,-2.04662, 0.01505, 0.07481, 0.04538, 0.00002, 0.01793,-0.00029,-0.42695,2120.62145, 2.53931, 9.00000, 9.00000,
 1.20000, 0.00580, 0.03161, 0.02381,-2.37760,-0.38636,-0.44276, 0.07979,-0.40524, 0.29479,-27.04965,-4.55378,-5.22175, 0.01241, 0.06688,-0.04435, 0.00008, 0.05964,-0.00115,-0.53112,2120.62145, 2.53931, 9.00000, 9.00000,
 1.30000, 0.01811, 0.06396, 0.02645,-5.87376,-0.97452,-1.12009, 0.17406,-0.95324, 0.69439,-41.50549,-7.16453,-8.22699, 0.00573, 0.04069,-0.18139, 0.00016, 0.13026,-0.00127,-0.62085,2120.62145, 2.53931, 9.00000, 9.00000,
 1.40000, 0.04240, 0.07566,-0.02972,-10.74943,-1.80927,-2.07959, 0.32191,-1.69157, 1.23054,-54.26980,-9.47841,-10.82998,-0.00284, 0.00651,-0.34758, 0.00030, 0.24138, 0.00143,-0.73140,2120.62145, 2.53931, 9.00000, 9.00000,
 1.50000, 0.08476, 0.02859,-0.19801,-16.85451,-2.85969,-3.27684, 0.53757,-2.58020, 1.85989,-65.79557,-11.47748,-12.96035,-0.01268,-0.03254,-0.53441, 0.00051, 0.40400, 0.00954,-0.86231,2120.62145, 2.53931, 9.00000,-9.00000,
 1.60000, 0.15258,-0.13345,-0.53842,-24.18914,-4.09442,-4.55841, 0.83317,-3.58141, 2.39169,-79.37202,-13.16627,-11.88295,-0.02339,-0.18414,-0.73522, 0.00079, 0.62755, 0.02595,-1.00878,2120.62145, 2.53931, 9.00000,-9.00000,
 1.70000, 0.25439,-0.48775,-1.11545,-32.88998,-5.48298,-5.60170, 1.21864,-4.66066, 2.50188,-92.64038,-14.55635,-8.82895,-0.03467,-0.20373,-0.94415, 0.00115, 0.91989, 0.05376,-1.16586,2120.62145, 2.53931, 9.00000,-9.00000,
 1.80000, 0.39957,-1.09125,-1.99628,-42.75819,-6.99626,-6.32684, 1.70185,-5.78681, 2.14438,-103.05163,-15.66353,-5.66367,-0.04621,-0.18311,-1.15604, 0.00161, 1.28733, 0.09622,-1.32900,2120.62145, 2.53931, 9.00000,-9.00000,
 1.90000, 0.59822,-1.99279,-3.24905,-53.47578,-8.60688,-6.75052, 2.28876,-6.93226, 1.36550,-110.05575,-16.50671,-2.87070,-0.05778,-0.13763,-1.36640, 0.00216, 1.73471, 0.15660,-1.49420,2120.62145, 2.53931, 9.00000,-9.00000,
 2.00000, 0.86092,-3.23772,-4.94140,-64.69870,-10.28950,-6.92380, 2.98350,-8.07292, 0.24666,-113.55402,-17.10710,-0.70537,-0.06914,-0.07354,-1.57138, 0.00282, 2.26559, 0.23816,-1.65796,2120.62145, 2.53931, 9.00000,-0.00000,
 2.10000, 1.19860,-4.86348,-7.13930,-76.03309,-12.02097,-6.97099, 3.78864,-9.18825,-1.03927,-112.22500,-17.48744,-0.69224,-0.08014, 0.05837,-1.76781, 0.00357, 2.88225, 0.34409,-1.81732,2120.62145, 2.53931, 9.00000,-0.00000,
 2.20000, 1.62237,-6.89733,-9.90596,-87.05644,-13.78044,-7.11387, 4.70530,-10.26106,-2.24239,-107.69263,-17.67140,-2.31514,-0.09060, 0.13080,-1.95309, 0.00444, 3.58594, 0.47744,-1.96978,2120.62145, 2.53931, 9.00000,-0.00000,
 2.30000, 2.14337,-9.37669,-13.30101,-97.56419,-15.54950,-7.45988, 5.73334,-11.27741,-3.24839,-101.77597,-17.68301,-4.68223,-0.10043, 0.18451,-2.12522, 0.00540, 4.37692, 0.64107,-2.11337,2120.62145, 2.53931, 9.00000,-0.00000,
 2.40000, 2.77271,-12.34303,-17.37987,-107.46988,-17.31210,-8.06939, 6.87156,-12.22642,-3.99263,-95.37010,-17.54610,-7.53564,-0.10952, 0.22232,-2.28271, 0.00647, 5.25462, 0.83766,-2.24652,2120.62145, 2.53931, 9.00000,-0.00000,
 2.50000, 3.52129,-15.83967,-22.19327,-116.76426,-19.05455,-8.98134, 8.11784,-13.09999,-4.43757,-89.18820,-17.28392,-10.68025,-0.11782, 0.24317,-2.42456, 0.00764, 6.21777, 1.06965,-2.36809,2120.62145, 2.53931, 9.00000,-0.00000,
 2.60000, 4.39978,-19.91197,-27.78690,-125.50212,-20.76545,-10.21516, 9.46934,-13.89262,-4.57061,-83.82802,-16.91879,-13.92121,-0.12529, 0.24667,-2.55020, 0.00891, 7.26450, 1.33925,-2.47733,2120.62145, 2.53931, 9.00000,-0.00000,
 2.70000, 5.41855,-24.60775,-34.20124,-133.79015,-22.43558,-11.77092,10.92261,-14.60111,-4.40304,-79.75579,-16.47180,-17.06892,-0.13192, 0.23366,-2.65944, 0.01028, 8.39250, 1.64841,-2.57379,2120.62145, 2.53931, 9.00000,-0.00000,
 2.80000, 6.58757,-29.97761,-41.47149,-141.77285,-24.05774,-13.63044,12.47378,-15.22429,-3.96758,-77.28816,-15.96258,-19.95145,-0.13770, 0.20615,-2.75243, 0.01173, 9.59906, 1.99881,-2.65736,2120.62145, 2.53931, 9.00000,-0.00000,
 2.90000, 7.91643,-36.07508,-49.62765,-149.61728,-25.62662,-15.75968,14.11867,-15.76278,-3.31470,-76.58339,-15.40914,-22.42613,-0.14265, 0.16706,-2.82960, 0.01328,10.88124, 2.39192,-2.72816,2120.62145, 2.53931, 9.00000,-0.00000,
 3.00000, 9.41428,-42.95665,-58.69461,-157.49747,-27.13864,-18.11214,15.85288,-16.21872,-2.50772,-77.64369,-14.82776,-24.38829,-0.14691, 0.11990,-2.89215, 0.01490,12.23591, 2.82892,-2.78402,2120.62145,-7.46069,-9.00000,-0.00000,
 3.10000,11.08808,-50.68443,-68.70446,-164.59507,-28.45311,-20.57946,17.62403,-16.42434,-1.60208,-55.25686,-10.63956,-24.39407,-0.18030, 0.03105,-3.03004, 0.01656,13.62399, 3.31137,-1.97911,2120.62145,-7.46069,-9.00000,-0.00000,
 3.20000,12.93975,-59.32151,-79.68400,-168.70957,-29.21249,-22.96421,19.41191,-16.08705,-0.60735,-24.01218,-4.52984,-23.03979,-0.17772,-0.02368,-2.88496, 0.01823,15.03052, 3.84055,-1.80603,2120.62145,-7.46069,-9.00000,-0.00000,
 3.30000,14.97045,-68.90929,-91.59061,-169.97520,-29.37051,-25.18301,21.19894,-15.22352, 0.40699, 0.95931, 1.27706,-21.12072,-0.16640,-0.07463,-2.63302, 0.01990,16.44207, 4.41442,-1.65140,2120.62145,-7.46069,-9.00000,-0.00000,
 3.40000,17.17836,-79.47155,-104.34413,-169.07061,-28.97770,-27.18600,22.95065,-13.91556, 1.35556,19.23915, 6.47092,-18.74642,-0.15072,-0.12146,-2.31176, 0.02154,17.83231, 5.02910,-1.44555,2120.62145,-7.46069,-9.00000,-0.00000,
 3.50000,19.55831,-91.01848,-117.84158,-166.59700,-28.09825,-28.93066,24.63457,-12.24942, 2.16313,32.18245,11.00838,-15.98287,-0.13198,-0.16055,-1.93938, 0.02310,19.17629, 5.67964,-1.19034,2120.62145,-7.46069,-9.00000,-0.00000,
 3.60000,22.10208,-103.54892,-131.96343,-163.01345,-26.79781,-30.38251,26.22271,-10.30689, 2.77146,41.20641,14.89260,-12.92722,-0.11102,-0.18875,-1.53042, 0.02458,20.45231, 6.36027,-0.89632,2120.62145,-7.46069,-9.00000,-0.00000,
 3.70000,24.79888,-117.05199,-146.57834,-158.64592,-25.14089,-31.51841,27.69170,-8.16353, 3.14248,47.56199,18.14227,-9.70589,-0.08855,-0.20400,-1.09782, 0.02595,21.64206, 7.06467,-0.57436,2120.62145,-7.46069,-9.00000,-0.00000,
 3.80000,27.63581,-131.50822,-161.54729,-153.70627,-23.18957,-32.32884,29.02262,-5.88801, 3.25942,52.30019,20.78589,-6.46192,-0.06520,-0.20547,-0.65307, 0.02718,22.73052, 7.78613,-0.23447,2120.62145,-7.46069,-9.00000,-0.00000,
 3.90000,30.59830,-146.89049,-176.72729,-148.31268,-21.00272,-32.81887,30.20075,-3.54177, 3.12645,56.26521,22.85938,-3.34131,-0.04155,-0.19349,-0.20629, 0.02827,23.70577, 8.51777, 0.11440,2120.62145,-7.46069,-9.00000,-0.00000,
 4.00000,33.67050,-163.16481,-191.97469,-142.51039,-18.63532,-33.00784,31.21522,-1.17889, 2.76686,60.09472,24.40432,-0.48020,-0.01807,-0.16946, 0.23381, 0.02920,24.55882, 9.25265, 0.46440,2120.62145,-7.46069,-9.00000,-0.00000,
 4.10000,36.83565,-180.29103,-207.14792,-136.29194,-16.13796,-32.92777,32.05872, 1.15388, 2.21992,64.22617,25.46634, 2.00606, 0.00482,-0.13562, 0.65987, 0.02997,25.28331, 9.98396, 0.80874,2120.62145,-7.46069,-9.00000,-0.00000,
 4.20000,40.07641,-198.22349,-222.10991,-129.61643,-13.55654,-32.62086,32.72709, 3.41699, 1.53691,68.90974,26.09370, 4.03131, 0.02677,-0.09489, 1.06581, 0.03057,25.87529,10.70509, 1.14172,2120.62145,-7.46069,-9.00000,-0.00000,
 4.30000,43.37518,-216.91178,-236.73002,-122.42705,-10.93205,-32.13623,33.21899, 5.57780, 0.77641,74.22795,26.33600, 5.54414, 0.04751,-0.05054, 1.44682, 0.03101,26.33296,11.40974, 1.45864,2120.62145,-7.46069,-9.00000,-0.00000,
 4.40000,46.71435,-236.30146,-250.88563,-114.66632,-8.30051,-31.52630,33.53551, 7.61021,-0.00047,80.12137,26.24306, 6.53033, 0.06682,-0.00594, 1.79920, 0.03128,26.65639,12.09200, 1.75576,2120.62145,-7.46069,-9.00000,-0.00000,
 4.50000,50.07654,-256.33479,-264.46329,-106.28853,-5.69298,-30.84308,33.67980, 9.49423,-0.73487,86.41901,25.86397, 7.01223, 0.08453, 0.03568, 2.12034, 0.03140,26.84725,12.74640, 2.03026,2120.62145,-7.46069,-9.00000,-0.00000,
 4.60000,53.44474,-276.95153,-277.35958,-97.26895,-3.13567,-30.13462,33.65675,11.21552,-1.37439,92.87175,25.24624, 7.04543, 0.10055, 0.07150, 2.40856, 0.03135,26.90857,13.36797, 2.28011,2120.62145,-7.46069,-9.00000,-0.00000,
 4.70000,56.80252,-298.08973,-289.48169,-87.60967,-0.65017,-29.44195,33.47263,12.76480,-1.87660,99.18672,24.43515, 6.71305, 0.11482, 0.09928, 2.66304, 0.03115,26.84449,13.95222, 2.50404,2120.62145,-7.46069,-9.00000,-0.00000,
 4.80000,60.13414,-319.68644,-300.74762,-77.34216, 1.74633,-28.79671,33.13477,14.13740,-2.21158,105.06060,23.47319, 6.11829, 0.12732, 0.11748, 2.88371, 0.03081,26.66001,14.49521, 2.70146,2120.62145,-7.46069,-9.00000,-0.00000,
 4.90000,63.42462,-341.67836,-311.08627,-66.52658, 4.04075,-28.21950,32.65132,15.33259,-2.36336,110.20993,22.39968, 5.37593, 0.13806, 0.12535, 3.07115, 0.03034,26.36078,14.99350, 2.87234,2120.62145,-7.46069,-9.00000,-0.00000,
 5.00000,66.65984,-364.00246,-320.43721,-55.24845, 6.22375,-27.71925,32.03094,16.35313,-2.33027,114.39660,21.25046, 4.60341, 0.14715, 0.12299, 3.22674, 0.02973,25.95292,15.44419, 3.01590,2120.62145,-2.46069, 0.00000,-0.00000,
 5.10000,69.82742,-386.59494,-328.74432,-44.10542, 8.22009,-27.32004,31.30653,17.11909,-2.13187,104.91179,18.26104, 3.22091, 0.16956, 0.12999, 3.39658, 0.02903,25.46077,15.84457, 2.70985,2120.62145,-2.46069, 0.00000,-0.00000,
 5.20000,72.91818,-409.39379,-335.96165,-34.38858, 9.84844,-27.07800,30.49501,17.49001,-1.82339,89.08559,14.29615, 1.63246, 0.17280, 0.11187, 3.40294, 0.02825,24.89670,16.19243, 2.70139,2120.62145,-2.46069, 0.00000,-0.00000,
 5.30000,75.92403,-432.35005,-342.08505,-26.21087,11.08519,-26.98372,29.61191,17.48156,-1.43769,74.64804,10.48723, 0.29992, 0.17057, 0.08763, 3.33550, 0.02740,24.27233,16.48756, 2.68495,2120.62145,-2.46069, 0.00000,-0.00000,
 5.40000,78.83898,-455.42554,-347.13568,-19.39050,11.95690,-27.00672,28.68106,17.14316,-1.00182,62.08365, 7.00579,-0.70150, 0.16515, 0.06099, 3.21479, 0.02651,23.60565,16.73098, 2.62699,2120.62145,-2.46069, 0.00000,-0.00000,
 5.50000,81.65940,-478.59053,-351.15213,-13.75242,12.49847,-27.11298,27.72499,16.52725,-0.54484,51.07520, 3.88724,-1.36081, 0.15729, 0.03379, 3.05179, 0.02560,22.91377,16.92457, 2.52981,2120.62145,-2.46069, 0.00000,-0.00000,
 5.60000,84.38380,-501.82210,-354.18662,-9.15390,12.74677,-27.26864,26.76367,15.68459,-0.09652,41.32895, 1.14110,-1.68963, 0.14751, 0.00765, 2.85570, 0.02468,22.21196,17.07082, 2.40018,2120.62145,-2.46069, 0.00000,-0.00000,
 5.70000,87.01254,-525.10282,-356.30208,-5.47656,12.73909,-27.44182,25.81432,14.66311, 0.31488,32.65588,-1.23331,-1.71633, 0.13627,-0.01593, 2.63491, 0.02378,21.51353,17.17278, 2.24503,2120.62145,-2.46069, 0.00000,-0.00000,
 5.80000,89.54755,-548.41960,-357.56939,-2.61649,12.51224,-27.60426,24.89149,13.50733, 0.66481,24.95598,-3.24383,-1.48365, 0.12399,-0.03568, 2.39705, 0.02290,20.82980,17.23386, 2.07088,2120.62145,-2.46069, 0.00000,-0.00000,
 5.90000,91.99212,-571.76271,-358.06499,-0.47685,12.10200,-27.73258,24.00715,12.25800, 0.93409,18.19173,-4.90407,-1.04574, 0.11104,-0.05061, 2.14902, 0.02206,20.17020,17.25775, 1.88369,2120.62145,-2.46069, 0.00000,-0.00000,
 6.00000,94.35058,-595.12493,-357.86858, 1.03706,11.54250,-27.80925,23.17082,10.95189, 1.11014,12.36280,-6.23232,-0.46442, 0.09777,-0.06013, 1.89692, 0.02127,19.54237,17.24828, 1.68881,2120.62145,-2.46069, 0.00000,-0.00000,
 6.10000,96.62813,-618.50078,-357.06123, 2.02033,10.86588,-27.82314,22.38975, 9.62162, 1.18759, 7.48403,-7.25052, 0.19504, 0.08447,-0.06403, 1.64606, 0.02053,18.95221,17.20937, 1.49100,2120.62145,-2.46069, 0.00000,-0.00000,
 6.20000,98.83055,-641.88598,-355.72361, 2.56904,10.10191,-27.76967,21.66910, 8.29566, 1.16828, 3.56741,-7.98337, 0.86833, 0.07140,-0.06250, 1.40098, 0.01985,18.40409,17.14490, 1.29439,2120.62145,-2.46069, 0.00000,-0.00000,
 6.30000,100.96407,-665.27693,-353.93457, 2.77921, 9.27783,-27.65047,21.01214, 6.99838, 1.06077, 0.60845,-8.45742, 1.49623, 0.05876,-0.05608, 1.16548, 0.01924,17.90094,17.05867, 1.10251,2120.62145,-2.46069, 0.00000,-0.00000,
 6.40000,103.03516,-688.67037,-351.76987, 2.74480, 8.41813,-27.47273,20.42044, 5.75016, 0.87932,-1.42294,-8.70037, 2.02822, 0.04674,-0.04563, 0.94263, 0.01868,17.44440,16.95434, 0.91829,2120.62145,-2.46069, 0.00000,-0.00000,
 6.50000,105.05034,-712.06311,-349.30123, 2.55489, 7.54452,-27.24812,19.89411, 4.56758, 0.64255,-2.58711,-8.74033, 2.42535, 0.03548,-0.03223, 0.73482, 0.01819,17.03499,16.83536, 0.74411,2120.62145,-2.46069, 0.00000,-0.00000,
 6.60000,107.01612,-735.45191,-346.59555, 2.29074, 6.67590,-26.99156,19.43198, 3.46363, 0.37187,-2.97525,-8.60528, 2.66208, 0.02507,-0.01711, 0.54385, 0.01775,16.67224,16.70495, 0.58183,2120.62145,-2.46069, 0.00000,-0.00000,
 6.70000,108.93880,-758.83338,-343.71431, 2.02290, 5.82839,-26.71984,19.03182, 2.44798, 0.08968,-2.70632,-8.32251, 2.72711, 0.01560,-0.00151, 0.37091, 0.01738,16.35485,16.56608, 0.43280,2120.62145,-2.46069, 0.00000,-0.00000,
 6.80000,110.82445,-782.20400,-340.71320, 1.80885, 5.01544,-26.45014,18.69052, 1.52730,-0.18221,-1.92108,-7.91825, 2.62320, 0.00712, 0.01335, 0.21671, 0.01706,16.08083,16.42144, 0.29797,2120.62145,-2.46069, 0.00000,-0.00000,
 6.90000,112.67874,-805.56021,-337.64189, 1.69132, 4.24796,-26.19874,18.40427, 0.70550,-0.42419,-0.77407,-7.41732, 2.36586,-0.00036, 0.02640, 0.08149, 0.01680,15.84763,16.27341, 0.17785,2120.62145,-2.46069, 0.00000,-0.00000,
 7.00000,114.50699,-828.89846,-334.54394, 1.69741, 3.53443,-25.97979,18.16876,-0.01592,-0.62014, 0.57566,-6.84283, 1.98141,-0.00684, 0.03677,-0.03488, 0.01658,15.65229,16.12410, 0.07262,2120.62145,-2.46069, 0.00000,-0.00000,
 7.10000,116.31403,-852.21541,-331.45686, 1.83876, 2.88113,-25.80436,17.97928,-0.63755,-0.75832, 1.97410,-6.21602, 1.50422,-0.01234, 0.04386,-0.13290, 0.01641,15.49150,15.97531,-0.01786,2120.62145,-2.46069, 0.00000,-0.00000,
 7.20000,118.10422,-875.50799,-328.41225, 2.11252, 2.29233,-25.67981,17.83092,-1.16178,-0.83202, 3.28132,-5.55611, 0.97366,-0.01689, 0.04732,-0.21331, 0.01627,15.36178,15.82857,-0.09397,2120.62145,-2.46069, 0.00000,-0.00000,
 7.30000,119.88142,-898.77356,-325.43603, 2.50320, 1.77044,-25.60944,17.71866,-1.59251,-0.83970, 4.37935,-4.88023, 0.43081,-0.02054, 0.04713,-0.27710, 0.01617,15.25953,15.68512,-0.15631,2120.62145,-2.46069, 0.00000,-0.00000,
 7.40000,121.64899,-922.01000,-322.54880, 2.98518, 1.31631,-25.59247,17.63748,-1.93482,-0.78478, 5.17815,-4.20337,-0.08468,-0.02335, 0.04350,-0.32543, 0.01610,15.18111,15.54596,-0.20568,2120.62145,-2.46069, 0.00000,-0.00000,
 7.50000,123.40979,-945.21579,-319.76616, 3.52572, 0.92937,-25.62433,17.58246,-2.19475,-0.67507, 5.61951,-3.53845,-0.53744,-0.02538, 0.03691,-0.35957, 0.01605,15.12293,15.41185,-0.24297,2120.62145,-2.46069, 0.00000,-0.00000,
 7.60000,125.16619,-968.39002,-317.09915, 4.08815, 0.60786,-25.69722,17.54888,-2.37905,-0.52194, 5.67850,-2.89632,-0.89878,-0.02671, 0.02803,-0.38090, 0.01603,15.08151,15.28331,-0.26920,2120.62145,-2.46069, 0.00000,-0.00000,
 7.70000,126.92013,-991.53238,-314.55468, 4.63514, 0.34905,-25.80088,17.53224,-2.49493,-0.33923, 5.36257,-2.28586,-1.14837,-0.02740, 0.01763,-0.39084, 0.01601,15.05353,15.16067,-0.28545,2120.62145,-2.46069, 0.00000,-0.00000,
 7.80000,128.67306,-1014.64317,-312.13600, 5.13174, 0.14939,-25.92348,17.52834,-2.54985,-0.14214, 4.70847,-1.71412,-1.27523,-0.02755, 0.00657,-0.39081, 0.01602,15.03587,15.04410,-0.29283,2120.62145,-2.46069, 0.00000,-0.00000,
 7.90000,130.42609,-1037.72315,-309.84313, 5.54799, 0.00475,-26.05255,17.53331,-2.55140, 0.05404, 3.77730,-1.18640,-1.27800,-0.02721,-0.00429,-0.38223, 0.01602,15.02562,14.93359,-0.29247,2120.62145,-2.46069, 0.00000,-0.00000,
 8.00000,132.17990,-1060.77346,-307.67335, 5.86094,-0.08948,-26.17596,17.54364,-2.50706, 0.23503, 2.64817,-0.70645,-1.16443,-0.02646,-0.01419,-0.36648, 0.01604,15.02014,14.82901,-0.28546,2120.62145,-2.46069, 0.00000,-0.00000,
 8.10000,133.93489,-1083.79555,-305.62164, 6.05609,-0.13821,-26.28277,17.55620,-2.42415, 0.38851, 1.41101,-0.27657,-0.95028,-0.02539,-0.02246,-0.34487, 0.01605,15.01705,14.73012,-0.27290,2120.62145,-2.46069, 0.00000,-0.00000,
 8.20000,135.69113,-1106.79096,-303.68106, 6.12801,-0.14650,-26.36396,17.56823,-2.30966, 0.50497, 0.15905, 0.10220,-0.65765,-0.02404,-0.02859,-0.31866, 0.01607,15.01423,14.63659,-0.25581,2120.62145,-2.46069, 0.00000,-0.00000,
 8.30000,137.44844,-1129.76124,-301.84320, 6.08026,-0.11947,-26.41296,17.57735,-2.17020, 0.57818,-1.01836, 0.42992,-0.31302,-0.02249,-0.03226,-0.28898, 0.01608,15.00986,14.54801,-0.23515,2120.62145,-2.46069, 0.00000,-0.00000,
 8.40000,139.20643,-1152.70785,-300.09853, 5.92465,-0.06218,-26.42597,17.58155,-2.01191, 0.60546,-2.04224, 0.70763, 0.05502,-0.02079,-0.03337,-0.25691, 0.01609,15.00238,14.46392,-0.21183,2120.62145,-2.46069, 0.00000,-0.00000,
 8.50000,140.96453,-1175.63200,-298.43676, 5.67991, 0.02045,-26.40210,17.57916,-1.84040, 0.58767,-2.84924, 0.93714, 0.41792,-0.01900,-0.03199,-0.22338, 0.01609,14.99046,14.38383,-0.18668,2120.62145,-2.46069, 0.00000,-0.00000,
 8.60000,142.72200,-1198.53462,-296.84709, 5.36996, 0.12372,-26.34319,17.56889,-1.66078, 0.52891,-3.39541, 1.12091, 0.74931,-0.01716,-0.02838,-0.18924, 0.01608,14.97307,14.30721,-0.16043,2120.62145,-2.46069, 0.00000,-0.00000,
 8.70000,144.47801,-1221.41627,-295.31856, 5.02186, 0.24320,-26.25359,17.54971,-1.47753, 0.43604,-3.65831, 1.26193, 1.02678,-0.01531,-0.02294,-0.15523, 0.01607,14.94939,14.23354,-0.13374,2120.62145,-2.46069, 0.00000,-0.00000,
 8.80000,146.23162,-1244.27716,-293.84022, 4.66364, 0.37479,-26.13959,17.52092,-1.29462, 0.31798,-3.63737, 1.36355, 1.23327,-0.01349,-0.01618,-0.12198, 0.01604,14.91881,14.16229,-0.10718,2120.62145,-2.46069, 0.00000,-0.00000,
 8.90000,147.98186,-1267.11712,-292.40138, 4.32225, 0.51472,-26.00892,17.48205,-1.11541, 0.18494,-3.35264, 1.42941, 1.35797,-0.01173,-0.00868,-0.09001, 0.01601,14.88092,14.09294,-0.08125,2120.62145,-2.46069, 0.00000,-0.00000,
 9.00000,149.72769,-1289.93565,-290.99175, 4.02164, 0.65961,-25.87005,17.43289,-0.94275, 0.04761,-2.84209, 1.46330, 1.39676,-0.01006,-0.00104,-0.05975, 0.01596,14.83549,14.02500,-0.05634,2120.62145,-2.46069, 0.00000,-0.00000,
 9.10000,151.46809,-1312.73198,-289.60160, 3.78123, 0.80644,-25.73152,17.37343,-0.77893,-0.08367,-2.15773, 1.46906, 1.35208,-0.00848, 0.00618,-0.03155, 0.01591,14.78246,13.95800,-0.03280,2120.62145,-2.46069, 0.00000,-0.00000,
 9.20000,153.20204,-1335.50514,-288.22184, 3.61477, 0.95261,-25.60133,17.30381,-0.62578,-0.19967,-1.36098, 1.45055, 1.23233,-0.00702, 0.01247,-0.00564, 0.01585,14.72189,13.89150,-0.01087,2120.62145,-2.46069, 0.00000,-0.00000,
 9.30000,154.92852,-1358.25405,-286.84413, 3.52967, 1.09587,-25.48637,17.22435,-0.48465,-0.29282,-0.51760, 1.41151, 1.05089,-0.00569, 0.01743, 0.01780, 0.01577,14.65396,13.82510, 0.00924,2120.62145,-2.46069, 0.00000,-0.00000,
 9.40000,156.64659,-1380.97760,-285.46093, 3.52693, 1.23435,-25.39200,17.13547,-0.35648,-0.35772, 0.30740, 1.35554, 0.82485,-0.00449, 0.02077, 0.03867, 0.01569,14.57894,13.75843, 0.02741,2120.62145,-2.46069, 0.00000,-0.00000,
 9.50000,158.35532,-1403.67473,-284.06550, 3.60136, 1.36653,-25.32174,17.03771,-0.24184,-0.39135, 1.05443, 1.28607, 0.57351,-0.00343, 0.02236, 0.05693, 0.01560,14.49718,13.69118, 0.04356,2120.62145,-2.46069, 0.00000,-0.00000,
 9.60000,160.05386,-1426.34453,-282.65197, 3.74247, 1.49122,-25.27713,16.93166,-0.14095,-0.39319, 1.67337, 1.20629, 0.31682,-0.00251, 0.02218, 0.07260, 0.01550,14.40911,13.62305, 0.05766,2120.62145,-2.46069, 0.00000,-0.00000,
 9.70000,161.74140,-1448.98625,-281.21529, 3.93548, 1.60754,-25.25772,16.81798,-0.05374,-0.36508, 2.12662, 1.11912, 0.07390,-0.00172, 0.02035, 0.08574, 0.01540,14.31517,13.55380, 0.06973,2120.62145,-2.46069, 0.00000,-0.00000,
 9.80000,163.41722,-1471.59942,-279.75121, 4.16272, 1.71489,-25.26128,16.69735, 0.02009,-0.31093, 2.39109, 1.02723,-0.13833,-0.00107, 0.01712, 0.09646, 0.01529,14.21586,13.48324, 0.07983,2120.62145,-2.46069, 0.00000,-0.00000,
 9.90000,165.08066,-1494.18380,-278.25628, 4.40509, 1.81291,-25.28399,16.57046, 0.08106,-0.23632, 2.45900, 0.93297,-0.30625,-0.00053, 0.01281, 0.10488, 0.01517,14.11168,13.41119, 0.08802,2120.62145,-2.46069, 0.00000,-0.00000,
10.00000,166.73113,-1516.73942,-276.72777, 4.64355, 1.90147,-25.32091,16.43802, 0.12986,-0.14799, 2.33746, 0.83843,-0.42032,-0.00011, 0.00780, 0.11117, 0.01505,14.00312,13.33752, 0.09443,2120.62145,-2.46069, 0.00000,-0.00000,
10.10000,168.36810,-1539.26654,-275.16367, 4.86053, 1.98064,-25.36634,16.30071, 0.16732,-0.05326, 2.04704, 0.74539,-0.47554, 0.00020, 0.00249, 0.11549, 0.01492,13.89071,13.26213, 0.09916,2120.62145,-2.46069, 0.00000,-0.00000,
10.20000,169.99113,-1561.76567,-273.56256, 5.04110, 2.05065,-25.41432,16.15920, 0.19435, 0.04051, 1.61945, 0.65536,-0.47153, 0.00041,-0.00269, 0.11804, 0.01479,13.77492,13.18496, 0.10236,2120.62145,-2.46069, 0.00000,-0.00000,
10.30000,171.59982,-1584.23746,-271.92362, 5.17394, 2.11186,-25.45908,16.01411, 0.21193, 0.12653, 1.09447, 0.56959,-0.41230, 0.00054,-0.00739, 0.11901, 0.01466,13.65622,13.10597, 0.10418,2120.62145,-2.46069, 0.00000,-0.00000,
10.40000,173.19385,-1606.68266,-270.24653, 5.25191, 2.16474,-25.49544,15.86604, 0.22109, 0.19897, 0.51659, 0.48905,-0.30562, 0.00059,-0.01128, 0.11859, 0.01452,13.53506,13.02514, 0.10477,2120.62145,-2.46069, 0.00000,-0.00000,
10.50000,174.77295,-1629.10208,-268.53141, 5.27234, 2.20987,-25.51916,15.71553, 0.22287, 0.25335,-0.06858, 0.41449,-0.16227, 0.00057,-0.01413, 0.11699, 0.01438,13.41183,12.94247, 0.10428,2120.62145,-2.46069, 0.00000,-0.00000,
10.60000,176.33690,-1651.49653,-266.77879, 5.23693, 2.24786,-25.52719,15.56308, 0.21829, 0.28680,-0.61773, 0.34643, 0.00493, 0.00050,-0.01580, 0.11438, 0.01424,13.28692,12.85800, 0.10287,2120.62145,-2.46069, 0.00000,-0.00000,
10.70000,177.88552,-1673.86674,-264.98948, 5.15138, 2.27938,-25.51783,15.40913, 0.20837, 0.29818,-1.09285, 0.28521, 0.18223, 0.00038,-0.01624, 0.11096, 0.01410,13.16067,12.77176, 0.10068,2120.62145,-2.46069, 0.00000,-0.00000,
10.80000,179.41868,-1696.21332,-263.16459, 5.02468, 2.30513,-25.49076,15.25408, 0.19406, 0.28802,-1.46373, 0.23097, 0.35600, 0.00023,-0.01549, 0.10689, 0.01395,13.03337,12.68381, 0.09786,2120.62145,-2.46069, 0.00000,-0.00000,
10.90000,180.93631,-1718.53674,-261.30542, 4.86833, 2.32581,-25.44696,15.09827, 0.17627, 0.25839,-1.70963, 0.18372, 0.51368, 0.00004,-0.01367, 0.10232, 0.01381,12.90529,12.59420, 0.09453,2120.62145,-2.46069, 0.00000,-0.00000,
11.00000,182.43832,-1740.83729,-259.41344, 4.69523, 2.34211,-25.38860,14.94198, 0.15585, 0.21267,-1.82029, 0.14333, 0.64469,-0.00016,-0.01100, 0.09742, 0.01366,12.77666,12.50301, 0.09083,2120.62145,-2.46069, 0.00000,-0.00000,
11.10000,183.92470,-1763.11507,-257.49022, 4.51876, 2.35470,-25.31879,14.78547, 0.13357, 0.15520,-1.79598, 0.10956, 0.74106,-0.00038,-0.00771, 0.09230, 0.01352,12.64767,12.41032, 0.08686,2120.62145,-2.46069, 0.00000,-0.00000,
11.20000,185.39542,-1785.37003,-255.53740, 4.35168, 2.36423,-25.24127,14.62892, 0.11015, 0.09093,-1.64684, 0.08206, 0.79786,-0.00060,-0.00409, 0.08709, 0.01338,12.51847,12.31620, 0.08273,2120.62145,-2.46069, 0.00000,-0.00000,
11.30000,186.85048,-1807.60193,-253.55667, 4.20529, 2.37131,-25.16012,14.47250, 0.08619, 0.02499,-1.39155, 0.06044, 0.81333,-0.00083,-0.00043, 0.08189, 0.01323,12.38919,12.22073, 0.07854,2120.62145,-2.46069, 0.00000,-0.00000,
11.40000,188.28992,-1829.81042,-251.54968, 4.08867, 2.37650,-25.07944,14.31631, 0.06225,-0.03769,-1.05538, 0.04425, 0.78890,-0.00105, 0.00302, 0.07678, 0.01309,12.25993,12.12400, 0.07435,2120.62145,-2.46069, 0.00000,-0.00000,
11.50000,189.71376,-1851.99504,-249.51809, 4.00815, 2.38032,-25.00305,14.16043, 0.03880,-0.09272,-0.66798, 0.03297, 0.72879,-0.00126, 0.00599, 0.07184, 0.01294,12.13075,12.02609, 0.07024,2120.62145,-2.46069, 0.00000,-0.00000,
11.60000,191.12202,-1874.15530,-247.46348, 3.96703, 2.38324,-24.93421,14.00490, 0.01623,-0.13654,-0.26092, 0.02611, 0.63960,-0.00146, 0.00832, 0.06712, 0.01280,12.00170,11.92706, 0.06626,2120.62145,-2.46069, 0.00000,-0.00000,
11.70000,192.51475,-1896.29067,-245.38738, 3.96552, 2.38567,-24.87544,13.84974,-0.00514,-0.16663, 0.13475, 0.02312, 0.52965,-0.00165, 0.00987, 0.06268, 0.01266,11.87279,11.82700, 0.06246,2120.62145,-2.46069, 0.00000,-0.00000,
11.80000,193.89198,-1918.40067,-243.29119, 4.00090, 2.38797,-24.82834,13.69495,-0.02506,-0.18164, 0.49075, 0.02348, 0.40826,-0.00183, 0.01056, 0.05855, 0.01251,11.74403,11.72597, 0.05888,2120.62145,-2.46069, 0.00000,-0.00000,
11.90000,195.25375,-1940.48488,-241.17627, 4.06792, 2.39046,-24.79360,13.54050,-0.04333,-0.18141, 0.78344, 0.02668, 0.28500,-0.00198, 0.01042, 0.05475, 0.01237,11.61541,11.62403, 0.05554,2120.62145,-2.46069, 0.00000,-0.00000,
12.00000,196.60009,-1962.54297,-239.04382, 4.15935, 2.39339,-24.77093,13.38633,-0.05982,-0.16689, 0.99529, 0.03221, 0.16901,-0.00212, 0.00949, 0.05130, 0.01223,11.48690,11.52125, 0.05247,2120.62145,-2.46069, 0.00000,-0.00000,
12.10000,197.93102,-1984.57474,-236.89496, 4.26661, 2.39697,-24.75918,13.23240,-0.07446,-0.14004, 1.11581, 0.03962, 0.06832,-0.00223, 0.00789, 0.04821, 0.01209,11.35847,11.41769, 0.04967,2120.62145,-2.46069, 0.00000,-0.00000,
12.20000,199.24657,-2006.58009,-234.73068, 4.38048, 2.40136,-24.75649,13.07863,-0.08721,-0.10360, 1.14180, 0.04846,-0.01068,-0.00233, 0.00579, 0.04547, 0.01195,11.23006,11.31337, 0.04714,2120.62145,-2.46069, 0.00000,-0.00000,
12.30000,200.54675,-2028.55907,-232.55187, 4.49185, 2.40669,-24.76045,12.92494,-0.09807,-0.06082, 1.07724, 0.05832,-0.06354,-0.00241, 0.00336, 0.04307, 0.01180,11.10163,11.20836, 0.04489,2120.62145,-2.46069, 0.00000,-0.00000,
12.40000,201.83156,-2050.51183,-230.35930, 4.59233, 2.41304,-24.76829,12.77126,-0.10708,-0.01523, 0.93248, 0.06884,-0.08805,-0.00247, 0.00081, 0.04100, 0.01166,10.97312,11.10268, 0.04291,2120.62145,-2.46069, 0.00000,-0.00000,
12.50000,203.10100,-2072.43863,-228.15362, 4.67488, 2.42047,-24.77716,12.61750,-0.11432, 0.02964, 0.72308, 0.07969,-0.08419,-0.00252,-0.00167, 0.03924, 0.01152,10.84447,10.99638, 0.04118,2120.62145,-2.46069, 0.00000,-0.00000,
12.60000,204.35506,-2094.33979,-225.93542, 4.73419, 2.42898,-24.78430,12.46359,-0.11988, 0.07055, 0.46842, 0.09059,-0.05401,-0.00255,-0.00390, 0.03778, 0.01138,10.71562,10.88947, 0.03970,2120.62145,-2.46069, 0.00000,-0.00000,
12.70000,205.59371,-2116.21571,-223.70516, 4.76699, 2.43858,-24.78724,12.30943,-0.12387, 0.10475, 0.18997, 0.10128,-0.00139,-0.00256,-0.00574, 0.03658, 0.01124,10.58652,10.78197, 0.03845,2120.62145,-2.46069, 0.00000,-0.00000,
12.80000,206.81693,-2138.06679,-221.46322, 4.77215, 2.44923,-24.78400,12.15495,-0.12641, 0.13015,-0.09039, 0.11156, 0.06841,-0.00256,-0.00706, 0.03562, 0.01110,10.45711,10.67392, 0.03740,2120.62145,-2.46069, 0.00000,-0.00000,
12.90000,208.02469,-2159.89341,-219.20991, 4.75063, 2.46087,-24.77315,12.00007,-0.12764, 0.14542,-0.35198, 0.12126, 0.14917,-0.00255,-0.00782, 0.03488, 0.01095,10.32734,10.56531, 0.03655,2120.62145,-2.46069, 0.00000,-0.00000,
13.00000,209.21693,-2181.69596,-216.94547, 4.70532, 2.47345,-24.75393,11.84474,-0.12770, 0.15008,-0.57679, 0.13023, 0.23429,-0.00252,-0.00799, 0.03433, 0.01081,10.19715,10.45617, 0.03586,2120.62145,-2.46069, 0.00000,-0.00000,
13.10000,210.39362,-2203.47473,-214.67008, 4.64063, 2.48689,-24.72623,11.68888,-0.12674, 0.14444,-0.75061, 0.13838, 0.31723,-0.00249,-0.00758, 0.03394, 0.01067,10.06650,10.34651, 0.03531,2120.62145,-2.46069, 0.00000,-0.00000,
13.20000,211.55469,-2225.22995,-212.38386, 4.56216, 2.50110,-24.69056,11.53245,-0.12488, 0.12955,-0.86386, 0.14562, 0.39202,-0.00245,-0.00668, 0.03369, 0.01052, 9.93535,10.23632, 0.03489,2120.62145,-2.46069, 0.00000,-0.00000,
13.30000,212.70009,-2246.96176,-210.08690, 4.47613, 2.51599,-24.64802,11.37538,-0.12228, 0.10707,-0.91198, 0.15192, 0.45366,-0.00240,-0.00537, 0.03354, 0.01038, 9.80367,10.12561, 0.03458,2120.62145,-2.46069, 0.00000,-0.00000,
13.40000,213.82974,-2268.67024,-207.77923, 4.38896, 2.53145,-24.60012,11.21765,-0.11906, 0.07913,-0.89548, 0.15726, 0.49843,-0.00235,-0.00377, 0.03349, 0.01023, 9.67142,10.01439, 0.03435,2120.62145,-2.46069, 0.00000,-0.00000,
13.50000,214.94359,-2290.35536,-205.46089, 4.30675, 2.54740,-24.54868,11.05922,-0.11535, 0.04810,-0.81957, 0.16162, 0.52407,-0.00229,-0.00202, 0.03350, 0.01009, 9.53858, 9.90265, 0.03419,2120.62145,-2.46069, 0.00000,-0.00000,
13.60000,216.04156,-2312.01701,-203.13185, 4.23486, 2.56374,-24.49565,10.90005,-0.11127, 0.01645,-0.69347, 0.16502, 0.52986,-0.00223,-0.00027, 0.03355, 0.00994, 9.40513, 9.79040, 0.03407,2120.62145,-2.46069, 0.00000,-0.00000,
13.70000,217.12358,-2333.65504,-200.79210, 4.17755, 2.58038,-24.44302,10.74014,-0.10692,-0.01346,-0.52955, 0.16751, 0.51659,-0.00217, 0.00137, 0.03363, 0.00980, 9.27105, 9.67763, 0.03400,2120.62145,-2.46069, 0.00000,-0.00000,
13.80000,218.18956,-2355.26923,-198.44163, 4.13776, 2.59722,-24.39259,10.57947,-0.10239,-0.03955,-0.34214, 0.16912, 0.48638,-0.00211, 0.00278, 0.03373, 0.00965, 9.13634, 9.56434, 0.03394,2120.62145,-2.46069, 0.00000,-0.00000,
13.90000,219.23945,-2376.85936,-196.08038, 4.11696, 2.61417,-24.34591,10.41802,-0.09779,-0.06015,-0.14644, 0.16990, 0.44248,-0.00205, 0.00388, 0.03382, 0.00950, 9.00098, 9.45053, 0.03389,2120.62145,-2.46069, 0.00000,-0.00000,
14.00000,220.27314,-2398.42520,-193.70834, 4.11513, 2.63117,-24.30415,10.25580,-0.09318,-0.07408, 0.04270, 0.16993, 0.38893,-0.00198, 0.00459, 0.03389, 0.00935, 8.86498, 9.33621, 0.03383,2120.62145,-2.46069, 0.00000,-0.00000,
14.10000,221.29058,-2419.96653,-191.32548, 4.13089, 2.64814,-24.26806,10.09281,-0.08863,-0.08074, 0.21183, 0.16927, 0.33023,-0.00192, 0.00489, 0.03394, 0.00920, 8.72833, 9.22136, 0.03377,2120.62145,-2.46069, 0.00000,-0.00000,
14.20000,222.29168,-2441.48316,-188.93179, 4.16161, 2.66501,-24.23792, 9.92906,-0.08419,-0.08010, 0.34981, 0.16799, 0.27097,-0.00186, 0.00479, 0.03396, 0.00905, 8.59105, 9.10599, 0.03368,2120.62145,-2.46069, 0.00000,-0.00000,
14.30000,223.27637,-2462.97495,-186.52724, 4.20378, 2.68172,-24.21357, 9.76455,-0.07990,-0.07265, 0.44845, 0.16616, 0.21553,-0.00180, 0.00432, 0.03394, 0.00890, 8.45313, 8.99010, 0.03357,2120.62145,-2.46069, 0.00000,-0.00000,
14.40000,224.24457,-2484.44183,-184.11186, 4.25322, 2.69822,-24.19443, 9.59931,-0.07581,-0.05936, 0.50298, 0.16386, 0.16769,-0.00175, 0.00353, 0.03387, 0.00875, 8.31460, 8.87368, 0.03342,2120.62145,-2.46069, 0.00000,-0.00000,
14.50000,225.19620,-2505.88376,-181.68565, 4.30550, 2.71447,-24.17957, 9.43335,-0.07194,-0.04157, 0.51212, 0.16115, 0.13047,-0.00169, 0.00251, 0.03376, 0.00859, 8.17546, 8.75675, 0.03324,2120.62145,-2.46069, 0.00000,-0.00000,
14.60000,226.13121,-2527.30079,-179.24866, 4.35627, 2.73044,-24.16783, 9.26669,-0.06830,-0.02087, 0.47803, 0.15810, 0.10592,-0.00164, 0.00133, 0.03359, 0.00844, 8.03574, 8.63929, 0.03302,2120.62145,-2.46069, 0.00000,-0.00000,
14.70000,227.04952,-2548.69300,-176.80094, 4.40153, 2.74609,-24.15787, 9.09935,-0.06492, 0.00106, 0.40590, 0.15479, 0.09503,-0.00159, 0.00011, 0.03338, 0.00829, 7.89544, 8.52132, 0.03277,2120.62145,-2.46069, 0.00000,-0.00000,
14.80000,227.95106,-2570.06055,-174.34256, 4.43795, 2.76139,-24.14831, 8.93136,-0.06179, 0.02251, 0.30336, 0.15127, 0.09773,-0.00154,-0.00108, 0.03311, 0.00813, 7.75458, 8.40283, 0.03247,2120.62145,-2.46069, 0.00000,-0.00000,
14.90000,228.83577,-2591.40359,-171.87359, 4.46306, 2.77633,-24.13784, 8.76274,-0.05892, 0.04196, 0.17984, 0.14759, 0.11296,-0.00150,-0.00214, 0.03279, 0.00798, 7.61319, 8.28383, 0.03213,2120.62145,-2.46069, 0.00000,-0.00000,
15.00000,229.70359,-2612.72234,-169.39415, 4.47536, 2.79091,-24.12529, 8.59351,-0.05629, 0.05809, 0.04567, 0.14381, 0.13881,-0.00146,-0.00300, 0.03243, 0.00782, 7.47128, 8.16433, 0.03175,2120.62145,-2.46069, 0.00000,-0.00000,
15.10000,230.55446,-2634.01700,-166.90434, 4.47438, 2.80509,-24.10972, 8.42371,-0.05391, 0.06994,-0.08862, 0.13997, 0.17269,-0.00142,-0.00362, 0.03202, 0.00767, 7.32888, 8.04433, 0.03133,2120.62145,-2.46069, 0.00000,-0.00000,
15.20000,231.38831,-2655.28777,-164.40429, 4.46067, 2.81890,-24.09048, 8.25335,-0.05175, 0.07689,-0.21320, 0.13612, 0.21160,-0.00138,-0.00396, 0.03157, 0.00751, 7.18599, 7.92383, 0.03088,2120.62145,-2.46069, 0.00000,-0.00000,
15.30000,232.20511,-2676.53484,-161.89416, 4.43566, 2.83232,-24.06721, 8.08246,-0.04981, 0.07873,-0.31952, 0.13228, 0.25237,-0.00134,-0.00402, 0.03108, 0.00735, 7.04265, 7.80285, 0.03040,2120.62145,-2.46069, 0.00000,-0.00000,
15.40000,233.00479,-2697.75837,-159.37409, 4.40153, 2.84536,-24.03990, 7.91106,-0.04806, 0.07566,-0.40092, 0.12849, 0.29186,-0.00131,-0.00381, 0.03055, 0.00719, 6.89887, 7.68139, 0.02988,2120.62145,-2.46069, 0.00000,-0.00000,
15.50000,233.78730,-2718.95848,-156.84426, 4.36100, 2.85802,-24.00880, 7.73919,-0.04649, 0.06819,-0.45297, 0.12477, 0.32723,-0.00128,-0.00335, 0.02999, 0.00704, 6.75467, 7.55946, 0.02934,2120.62145,-2.46069, 0.00000,-0.00000,
15.60000,234.55261,-2740.13525,-154.30483, 4.31708, 2.87031,-23.97447, 7.56686,-0.04507, 0.05715,-0.47367, 0.12114, 0.35613,-0.00125,-0.00271, 0.02941, 0.00688, 6.61007, 7.43707, 0.02877,2120.62145,-2.46069, 0.00000,-0.00000,
15.70000,235.30066,-2761.28872,-151.75601, 4.27285, 2.88225,-23.93763, 7.39410,-0.04380, 0.04357,-0.46343, 0.11761, 0.37682,-0.00122,-0.00194, 0.02880, 0.00672, 6.46509, 7.31422, 0.02818,2120.62145,-2.46069, 0.00000,-0.00000,
15.80000,236.03141,-2782.41889,-149.19798, 4.23120, 2.89384,-23.89918, 7.22092,-0.04264, 0.02859,-0.42493, 0.11420, 0.38827,-0.00119,-0.00110, 0.02817, 0.00656, 6.31975, 7.19093, 0.02757,2120.62145,-2.46069, 0.00000,-0.00000,
15.90000,236.74483,-2803.52572,-146.63095, 4.19469, 2.90509,-23.86006, 7.04736,-0.04159, 0.01340,-0.36272, 0.11091, 0.39019,-0.00116,-0.00025, 0.02752, 0.00640, 6.17405, 7.06721, 0.02694,2120.62145,-2.46069, 0.00000,-0.00000,
16.00000,237.44087,-2824.60915,-144.05512, 4.16532, 2.91602,-23.82121, 6.87342,-0.04062,-0.00087,-0.28283, 0.10774, 0.38300,-0.00113, 0.00053, 0.02686, 0.00624, 6.02803, 6.94306, 0.02630,2120.62145,-2.46069, 0.00000,-0.00000,
16.10000,238.11950,-2845.66909,-141.47070, 4.14444, 2.92665,-23.78350, 6.69914,-0.03971,-0.01324,-0.19221, 0.10470, 0.36778,-0.00111, 0.00120, 0.02618, 0.00608, 5.88169, 6.81850, 0.02565,2120.62145,-2.46069, 0.00000,-0.00000,
16.20000,238.78069,-2866.70544,-138.87791, 4.13272, 2.93697,-23.74765, 6.52452,-0.03886,-0.02291,-0.09815, 0.10179, 0.34612,-0.00108, 0.00171, 0.02550, 0.00592, 5.73505, 6.69353, 0.02499,2120.62145,-2.46069, 0.00000,-0.00000,
16.30000,239.42440,-2887.71811,-136.27697, 4.13009, 2.94701,-23.71421, 6.34958,-0.03804,-0.02936,-0.00776, 0.09899, 0.31997,-0.00106, 0.00204, 0.02481, 0.00576, 5.58812, 6.56818, 0.02433,2120.62145,-2.46069, 0.00000,-0.00000,
16.40000,240.05060,-2908.70700,-133.66810, 4.13582, 2.95677,-23.68354, 6.17434,-0.03724,-0.03230, 0.07258, 0.09631, 0.29152,-0.00103, 0.00217, 0.02412, 0.00560, 5.44092, 6.44243, 0.02366,2120.62145,-2.46069, 0.00000,-0.00000,
16.50000,240.65926,-2929.67204,-131.05152, 4.14864, 2.96627,-23.65574, 5.99882,-0.03645,-0.03174, 0.13759, 0.09373, 0.26298,-0.00100, 0.00211, 0.02343, 0.00544, 5.29346, 6.31632, 0.02298,2120.62145,-2.46069, 0.00000,-0.00000,
16.60000,241.25035,-2950.61318,-128.42744, 4.16682, 2.97552,-23.63071, 5.82303,-0.03566,-0.02793, 0.18348, 0.09126, 0.23640,-0.00098, 0.00187, 0.02274, 0.00527, 5.14576, 6.18985, 0.02231,2120.62145,-2.46069, 0.00000,-0.00000,
16.70000,241.82385,-2971.53039,-125.79609, 4.18833, 2.98453,-23.60818, 5.64699,-0.03486,-0.02137, 0.20807, 0.08887, 0.21361,-0.00095, 0.00148, 0.02205, 0.00511, 4.99781, 6.06303, 0.02164,2120.62145,-2.46069, 0.00000,-0.00000,
16.80000,242.37974,-2992.42368,-123.15769, 4.21105, 2.99330,-23.58769, 5.47070,-0.03404,-0.01270, 0.21087, 0.08656, 0.19601,-0.00092, 0.00098, 0.02137, 0.00495, 4.84964, 5.93586, 0.02096,2120.62145,-2.46069, 0.00000,-0.00000,
16.90000,242.91799,-3013.29309,-120.51247, 4.23289, 3.00184,-23.56866, 5.29418,-0.03320,-0.00269, 0.19306, 0.08432, 0.18455,-0.00090, 0.00041, 0.02069, 0.00479, 4.70126, 5.80837, 0.02029,2120.62145,-2.46069, 0.00000,-0.00000,
17.00000,243.43857,-3034.13867,-117.86062, 4.25196, 3.01016,-23.55045, 5.11745,-0.03233, 0.00785, 0.15720, 0.08214, 0.17967,-0.00087,-0.00018, 0.02001, 0.00463, 4.55268, 5.68056, 0.01963,2120.62145,-2.46069, 0.00000,-0.00000,
17.10000,243.94147,-3054.96050,-115.20239, 4.26668, 3.01827,-23.53240, 4.94051,-0.03143, 0.01810, 0.10705, 0.08001, 0.18129,-0.00084,-0.00074, 0.01934, 0.00446, 4.40390, 5.55244, 0.01896,2120.62145,-2.46069, 0.00000,-0.00000,
17.20000,244.42666,-3075.75869,-112.53797, 4.27589, 3.02617,-23.51388, 4.76338,-0.03049, 0.02733, 0.04719, 0.07793, 0.18888,-0.00081,-0.00125, 0.01867, 0.00430, 4.25495, 5.42402, 0.01830,2120.62145,-2.46069, 0.00000,-0.00000,
17.30000,244.89414,-3096.53333,-109.86758, 4.27892, 3.03386,-23.49434, 4.58607,-0.02952, 0.03494,-0.01740, 0.07587, 0.20148,-0.00079,-0.00165, 0.01801, 0.00414, 4.10581, 5.29531, 0.01765,2120.62145,-2.46069, 0.00000,-0.00000,
17.40000,245.34387,-3117.28456,-107.19143, 4.27558, 3.04134,-23.47333, 4.40859,-0.02852, 0.04045,-0.08169, 0.07384, 0.21784,-0.00076,-0.00194, 0.01736, 0.00397, 3.95652, 5.16633, 0.01700,2120.62145,-2.46069, 0.00000,-0.00000,
17.50000,245.77585,-3138.01247,-104.50973, 4.26616, 3.04863,-23.45056, 4.23094,-0.02747, 0.04360,-0.14097, 0.07183, 0.23651,-0.00073,-0.00209, 0.01671, 0.00381, 3.80708, 5.03708, 0.01635,2120.62145,-2.46069, 0.00000,-0.00000,
17.60000,246.19006,-3158.71717,-101.82269, 4.25138, 3.05571,-23.42586, 4.05316,-0.02639, 0.04429,-0.19120, 0.06983, 0.25595,-0.00070,-0.00211, 0.01607, 0.00365, 3.65749, 4.90757, 0.01571,2120.62145,-2.46069, 0.00000,-0.00000,
17.70000,246.58648,-3179.39875,-99.13052, 4.23232, 3.06259,-23.39924, 3.87523,-0.02528, 0.04264,-0.22926, 0.06783, 0.27466,-0.00067,-0.00200, 0.01543, 0.00348, 3.50776, 4.77782, 0.01507,2120.62145,-2.46069, 0.00000,-0.00000,
17.80000,246.96510,-3200.05728,-96.43341, 4.21029, 3.06927,-23.37083, 3.69718,-0.02413, 0.03890,-0.25311, 0.06583, 0.29131,-0.00064,-0.00177, 0.01480, 0.00332, 3.35792, 4.64782, 0.01444,2120.62145,-2.46069, 0.00000,-0.00000,
17.90000,247.32591,-3220.69280,-93.73157, 4.18675, 3.07576,-23.34091, 3.51901,-0.02295, 0.03348,-0.26187, 0.06382, 0.30477,-0.00061,-0.00146, 0.01417, 0.00316, 3.20796, 4.51760, 0.01381,2120.62145,-2.46069, 0.00000,-0.00000,
18.00000,247.66890,-3241.30535,-91.02521, 4.16316, 3.08204,-23.30983, 3.34074,-0.02175, 0.02687,-0.25584, 0.06180, 0.31424,-0.00058,-0.00108, 0.01355, 0.00299, 3.05789, 4.38716, 0.01319,2120.62145,-2.46069, 0.00000,-0.00000,
18.10000,247.99405,-3261.89495,-88.31451, 4.14092, 3.08812,-23.27802, 3.16238,-0.02052, 0.01964,-0.23635, 0.05977, 0.31924,-0.00055,-0.00068, 0.01293, 0.00283, 2.90773, 4.25652, 0.01256,2120.62145,-2.46069, 0.00000,-0.00000,
18.20000,248.30137,-3282.46158,-85.59968, 4.12124, 3.09399,-23.24594, 2.98394,-0.01927, 0.01236,-0.20568, 0.05773, 0.31967,-0.00052,-0.00027, 0.01231, 0.00267, 2.75748, 4.12567, 0.01194,2120.62145,-2.46069, 0.00000,-0.00000,
18.30000,248.59084,-3303.00522,-82.88091, 4.10504, 3.09966,-23.21403, 2.80543,-0.01799, 0.00555,-0.16676, 0.05567, 0.31576,-0.00048, 0.00010, 0.01169, 0.00250, 2.60715, 3.99463, 0.01133,2120.62145,-2.46069, 0.00000,-0.00000,
18.40000,248.86245,-3323.52585,-80.15841, 4.09297, 3.10513,-23.18272, 2.62686,-0.01670,-0.00032,-0.12293, 0.05358, 0.30803,-0.00045, 0.00041, 0.01108, 0.00234, 2.45676, 3.86341, 0.01071,2120.62145,-2.46069, 0.00000,-0.00000,
18.50000,249.11621,-3344.02343,-77.43236, 4.08531, 3.11038,-23.15234, 2.44824,-0.01540,-0.00486,-0.07773, 0.05148, 0.29728,-0.00042, 0.00065, 0.01047, 0.00217, 2.30631, 3.73203, 0.01010,2120.62145,-2.46069, 0.00000,-0.00000,
18.60000,249.35210,-3364.49793,-74.70296, 4.08200, 3.11542,-23.12315, 2.26959,-0.01408,-0.00784,-0.03453, 0.04936, 0.28445,-0.00039, 0.00081, 0.00986, 0.00201, 2.15582, 3.60048, 0.00948,2120.62145,-2.46069, 0.00000,-0.00000,
18.70000,249.57013,-3384.94932,-71.97041, 4.08267, 3.12025,-23.09531, 2.09091,-0.01276,-0.00913, 0.00363, 0.04722, 0.27060,-0.00036, 0.00086, 0.00926, 0.00185, 2.00529, 3.46878, 0.00887,2120.62145,-2.46069, 0.00000,-0.00000,
18.80000,249.77028,-3405.37757,-69.23490, 4.08670, 3.12486,-23.06887, 1.91223,-0.01142,-0.00875, 0.03426, 0.04506, 0.25677,-0.00033, 0.00082, 0.00865, 0.00168, 1.85473, 3.33693, 0.00826,2120.62145,-2.46069, 0.00000,-0.00000,
18.90000,249.95257,-3425.78269,-66.49662, 4.09323, 3.12926,-23.04377, 1.73354,-0.01008,-0.00682, 0.05560, 0.04288, 0.24397,-0.00029, 0.00070, 0.00804, 0.00152, 1.70416, 3.20495, 0.00765,2120.62145,-2.46069, 0.00000,-0.00000,
19.00000,250.11699,-3446.16466,-63.75577, 4.10129, 3.13344,-23.01986, 1.55487,-0.00874,-0.00358, 0.06665, 0.04068, 0.23304,-0.00026, 0.00051, 0.00744, 0.00135, 1.55358, 3.07285, 0.00705,2120.62145,-2.46069, 0.00000,-0.00000,
19.10000,250.26355,-3466.52351,-61.01254, 4.10986, 3.13740,-22.99693, 1.37622,-0.00740, 0.00064, 0.06726, 0.03847, 0.22465,-0.00023, 0.00027, 0.00683, 0.00119, 1.40301, 2.94064, 0.00644,2120.62145,-2.46069, 0.00000,-0.00000,
19.20000,250.39224,-3486.85926,-58.26713, 4.11793, 3.14113,-22.97470, 1.19762,-0.00606, 0.00547, 0.05804, 0.03624, 0.21923,-0.00020,-0.00000, 0.00623, 0.00103, 1.25245, 2.80832, 0.00583,2120.62145,-2.46069, 0.00000,-0.00000,
19.30000,250.50307,-3507.17196,-55.51972, 4.12461, 3.14465,-22.95285, 1.01906,-0.00472, 0.01053, 0.04026, 0.03400, 0.21697,-0.00017,-0.00029, 0.00562, 0.00086, 1.10192, 2.67590, 0.00522,2120.62145,-2.46069, 0.00000,-0.00000,
19.40000,250.59605,-3527.46167,-52.77051, 4.12915, 3.14793,-22.93106, 0.84057,-0.00338, 0.01542, 0.01578, 0.03174, 0.21784,-0.00013,-0.00056, 0.00501, 0.00070, 0.95143, 2.54339, 0.00461,2120.62145,-2.46069, 0.00000,-0.00000,
19.50000,250.67119,-3547.72844,-50.01970, 4.13103, 3.15099,-22.90905, 0.66215,-0.00205, 0.01980,-0.01320, 0.02948, 0.22153,-0.00010,-0.00079, 0.00440, 0.00053, 0.80098, 2.41081, 0.00400,2120.62145,-2.46069, 0.00000,-0.00000,
19.60000,250.72849,-3567.97233,-47.26748, 4.12991, 3.15383,-22.88654, 0.48382,-0.00072, 0.02338,-0.04426, 0.02720, 0.22760,-0.00007,-0.00099, 0.00380, 0.00037, 0.65059, 2.27816, 0.00339,2120.62145,-2.46069, 0.00000,-0.00000,
19.70000,250.76796,-3588.19342,-44.51405, 4.12574, 3.15643,-22.86333, 0.30560, 0.00061, 0.02593,-0.07500, 0.02492, 0.23542,-0.00004,-0.00112, 0.00319, 0.00021, 0.50027, 2.14545, 0.00278,2120.62145,-2.46069, 0.00000,-0.00000,
19.80000,250.78961,-3608.39178,-41.75959, 4.11868, 3.15881,-22.83928, 0.12749, 0.00193, 0.02735,-0.10318, 0.02263, 0.24429,-0.00001,-0.00119, 0.00258, 0.00004, 0.35002, 2.01270, 0.00217,2120.62145,-2.46069, 0.00000,-0.00000,
19.90000,250.79346,-3628.56745,-39.00430, 4.10907, 3.16096,-22.81432,-0.05050, 0.00324, 0.02759,-0.12688, 0.02034, 0.25348, 0.00002,-0.00119, 0.00197,-0.00012, 0.19987, 1.87990, 0.00156,2120.62145,-2.46069, 0.00000,-0.00000,
20.00000,250.77951,-3648.72051,-36.24839, 4.09746, 3.16288,-22.78844,-0.22834, 0.00455, 0.02671,-0.14464, 0.01804, 0.26228, 0.00006,-0.00113, 0.00136,-0.00028, 0.04982, 1.74707, 0.00095,2120.62145,-2.46069, 0.00000,-0.00000,
