
time,npos,epos,alt,phi,theta,psi,vel,alpha,beta,p,q,r,nx,ny,nz,mach,qbar,ps,thrust,ele,ail,rud

<<<<<<< Updated upstream
 0.00000, 0.00000, 0.00000, 0.00000, 0.00000, 0.00000, 0.00000, 0.00000, 0.00000, 0.00000, 0.00000, 0.00000, 0.00000, 0.00000, 0.00000, 0.00000, 0.00000, 0.00000, 0.00000, 0.00000,2120.62145,-2.46069, 0.00000,-0.00000,
 0.10000, 0.00000, 0.00000, 0.00000, 0.00000, 0.00000, 0.00000, 0.00000, 0.00000, 0.00000, 0.00000, 0.00000, 0.00000, 0.00000, 0.00000, 0.00000, 0.00000, 0.00000, 0.00000, 0.00000,2120.62145,-2.46069, 0.00000,-0.00000,
 0.20000, 0.00000, 0.00000, 0.00000, 0.00000, 0.00000, 0.00000, 0.00000, 0.00000, 0.00000, 0.00000, 0.00000, 0.00000, 0.00000, 0.00000, 0.00000, 0.00000, 0.00000, 0.00000, 0.00000,2120.62145,-2.46069, 0.00000,-0.00000,
 0.30000, 0.00000, 0.00000, 0.00000, 0.00000, 0.00000, 0.00000, 0.00000, 0.00000, 0.00000, 0.00000, 0.00000, 0.00000, 0.00000, 0.00000, 0.00000, 0.00000, 0.00000, 0.00000, 0.00000,2120.62145,-2.46069, 0.00000,-0.00000,
 0.40000, 0.00000, 0.00000, 0.00000, 0.00000, 0.00000, 0.00000, 0.00000, 0.00000, 0.00000, 0.00000, 0.00000, 0.00000, 0.00000, 0.00000, 0.00000, 0.00000, 0.00000, 0.00000, 0.00000,2120.62145,-2.46069, 0.00000,-0.00000,
 0.50000, 0.00000, 0.00000, 0.00000, 0.00000, 0.00000, 0.00000, 0.00000, 0.00000, 0.00000, 0.00000, 0.00000, 0.00000, 0.00000, 0.00000, 0.00000, 0.00000, 0.00000, 0.00000, 0.00000,2120.62145,-2.46069, 0.00000,-0.00000,
 0.60000, 0.00000, 0.00000, 0.00000, 0.00000, 0.00000, 0.00000, 0.00000, 0.00000, 0.00000, 0.00000, 0.00000, 0.00000, 0.00000, 0.00000, 0.00000, 0.00000, 0.00000, 0.00000, 0.00000,2120.62145,-2.46069, 0.00000,-0.00000,
 0.70000, 0.00000, 0.00000, 0.00000, 0.00000, 0.00000, 0.00000, 0.00000, 0.00000, 0.00000, 0.00000, 0.00000, 0.00000, 0.00000, 0.00000, 0.00000, 0.00000, 0.00000, 0.00000, 0.00000,2120.62145,-2.46069, 0.00000,-0.00000,
 0.80000, 0.00000, 0.00000, 0.00000, 0.00000, 0.00000, 0.00000, 0.00000, 0.00000, 0.00000, 0.00000, 0.00000, 0.00000, 0.00000, 0.00000, 0.00000, 0.00000, 0.00000, 0.00000, 0.00000,2120.62145,-2.46069, 0.00000,-0.00000,
 0.90000, 0.00000, 0.00000, 0.00000, 0.00000, 0.00000, 0.00000, 0.00000, 0.00000, 0.00000, 0.00000, 0.00000, 0.00000, 0.00000, 0.00000, 0.00000, 0.00000, 0.00000, 0.00000, 0.00000,2120.62145,-2.46069, 0.00000,-0.00000,
 1.00000, 0.00000, 0.00000, 0.00000, 0.00000, 0.00000, 0.00000, 0.00000, 0.00000, 0.00000, 0.00000, 0.00000, 0.00000, 0.00005, 0.00000, 0.00028, 0.00000, 0.00000, 0.00000,-0.00049,2120.62145, 2.53931, 0.00000,-0.00000,
 1.10000, 0.00088,-0.00000, 0.00604,-0.00000,-0.06931,-0.00000, 0.02398,-0.08558, 0.00000,-0.00000,-1.79670,-0.00000, 0.01505,-0.00000, 0.04538, 0.00002, 0.01793,-0.00029,-0.19079,2120.62145, 2.53931, 0.00000,-0.00000,
 1.20000, 0.00580,-0.00000, 0.02381,-0.00000,-0.38636,-0.00000, 0.07979,-0.40524, 0.00000,-0.00000,-4.55378,-0.00000, 0.01241,-0.00000,-0.04435, 0.00008, 0.05964,-0.00115,-0.28773,2120.62145, 2.53931, 0.00000,-0.00000,
 1.30000, 0.01811,-0.00000, 0.02645,-0.00000,-0.97452,-0.00000, 0.17406,-0.95324, 0.00000,-0.00000,-7.16453,-0.00000, 0.00573,-0.00000,-0.18139, 0.00016, 0.13026,-0.00127,-0.40112,2120.62145, 2.53931, 0.00000,-0.00000,
 1.40000, 0.04240,-0.00000,-0.02972,-0.00000,-1.80927,-0.00000, 0.32191,-1.69157, 0.00000,-0.00000,-9.47841,-0.00000,-0.00284,-0.00000,-0.34758, 0.00030, 0.24138, 0.00143,-0.53949,2120.62145, 2.53931, 0.00000,-0.00000,
 1.50000, 0.08476,-0.00000,-0.19801,-0.00000,-2.85969,-0.00000, 0.53757,-2.58020, 0.00000,-0.00000,-11.47748,-0.00000,-0.01268,-0.00000,-0.53441, 0.00051, 0.40400, 0.00954,-0.69836,2120.62145, 2.53931, 0.00000,-0.00000,
 1.60000, 0.15258,-0.00000,-0.53842,-0.00000,-4.09442,-0.00000, 0.83317,-3.58141, 0.00000,-0.00000,-13.16627,-0.00000,-0.02339,-0.00000,-0.73522, 0.00079, 0.62755, 0.02595,-0.87200,2120.62145, 2.53931, 0.00000,-0.00000,
 1.70000, 0.25439,-0.00000,-1.11545,-0.00000,-5.48298,-0.00000, 1.21864,-4.66066, 0.00000,-0.00000,-14.55635,-0.00000,-0.03467,-0.00000,-0.94415, 0.00115, 0.91989, 0.05376,-1.05500,2120.62145, 2.53931, 0.00000,-0.00000,
 1.80000, 0.39957,-0.00000,-1.99628,-0.00000,-6.99626,-0.00000, 1.70185,-5.78681, 0.00000,-0.00000,-15.66353,-0.00000,-0.04621,-0.00000,-1.15604, 0.00161, 1.28733, 0.09622,-1.24252,2120.62145, 2.53931, 0.00000,-0.00000,
 1.90000, 0.59822,-0.00000,-3.24905,-0.00000,-8.60688,-0.00000, 2.28876,-6.93226, 0.00000,-0.00000,-16.50671,-0.00000,-0.05778,-0.00000,-1.36640, 0.00216, 1.73471, 0.15660,-1.43030,2120.62145, 2.53931, 0.00000,-0.00000,
 2.00000, 0.86092,-0.00000,-4.94140,-0.00000,-10.28950,-0.00000, 2.98350,-8.07292, 0.00000,-0.00000,-17.10710,-0.00000,-0.06914,-0.00000,-1.57138, 0.00282, 2.26559, 0.23816,-1.61467,2120.62145, 2.53931, 0.00000,-0.00000,
 2.10000, 1.19860,-0.00000,-7.13930,-0.00000,-12.02097,-0.00000, 3.78864,-9.18825, 0.00000,-0.00000,-17.48744,-0.00000,-0.08014,-0.00000,-1.76781, 0.00357, 2.88225, 0.34409,-1.79256,2120.62145, 2.53931, 0.00000,-0.00000,
 2.20000, 1.62237,-0.00000,-9.90596,-0.00000,-13.78044,-0.00000, 4.70530,-10.26106, 0.00000,-0.00000,-17.67140,-0.00000,-0.09060,-0.00000,-1.95309, 0.00444, 3.58594, 0.47744,-1.96144,2120.62145, 2.53931, 0.00000,-0.00000,
 2.30000, 2.14337,-0.00000,-13.30101,-0.00000,-15.54950,-0.00000, 5.73334,-11.27741, 0.00000,-0.00000,-17.68301,-0.00000,-0.10043,-0.00000,-2.12522, 0.00540, 4.37692, 0.64107,-2.11930,2120.62145, 2.53931, 0.00000,-0.00000,
 2.40000, 2.77271,-0.00000,-17.37987,-0.00000,-17.31210,-0.00000, 6.87156,-12.22642, 0.00000,-0.00000,-17.54610,-0.00000,-0.10952,-0.00000,-2.28271, 0.00647, 5.25462, 0.83766,-2.26462,2120.62145, 2.53931, 0.00000,-0.00000,
 2.50000, 3.52129,-0.00000,-22.19327,-0.00000,-19.05455,-0.00000, 8.11784,-13.09999, 0.00000,-0.00000,-17.28392,-0.00000,-0.11782,-0.00000,-2.42456, 0.00764, 6.21777, 1.06965,-2.39633,2120.62145, 2.53931, 0.00000,-0.00000,
 2.60000, 4.39978,-0.00000,-27.78690,-0.00000,-20.76545,-0.00000, 9.46934,-13.89262, 0.00000,-0.00000,-16.91879,-0.00000,-0.12529,-0.00000,-2.55020, 0.00891, 7.26450, 1.33925,-2.51376,2120.62145, 2.53931, 0.00000,-0.00000,
 2.70000, 5.41855,-0.00000,-34.20124,-0.00000,-22.43558,-0.00000,10.92261,-14.60111, 0.00000,-0.00000,-16.47180,-0.00000,-0.13192,-0.00000,-2.65944, 0.01028, 8.39250, 1.64841,-2.61662,2120.62145, 2.53931, 0.00000,-0.00000,
 2.80000, 6.58757,-0.00000,-41.47149,-0.00000,-24.05774,-0.00000,12.47378,-15.22429, 0.00000,-0.00000,-15.96258,-0.00000,-0.13770,-0.00000,-2.75243, 0.01173, 9.59906, 1.99881,-2.70490,2120.62145, 2.53931, 0.00000,-0.00000,
 2.90000, 7.91643,-0.00000,-49.62765,-0.00000,-25.62662,-0.00000,14.11867,-15.76278, 0.00000,-0.00000,-15.40914,-0.00000,-0.14265,-0.00000,-2.82960, 0.01328,10.88124, 2.39192,-2.77888,2120.62145, 2.53931, 0.00000,-0.00000,
 3.00000, 9.41428,-0.00000,-58.69461,-0.00000,-27.13864,-0.00000,15.85288,-16.21872, 0.00000,-0.00000,-14.82776,-0.00000,-0.14691,-0.00000,-2.89215, 0.01490,12.23591, 2.82892,-2.83809,2120.62145,-7.46069, 0.00000,-0.00000,
 3.10000,11.08808,-0.00000,-68.70446,-0.00000,-28.45311,-0.00000,17.62403,-16.42434, 0.00000,-0.00000,-10.63956,-0.00000,-0.18030,-0.00000,-3.03004, 0.01656,13.62399, 3.31137,-2.50458,2120.62145,-7.46069, 0.00000,-0.00000,
 3.20000,12.93975,-0.00000,-79.68400,-0.00000,-29.21249,-0.00000,19.41191,-16.08705, 0.00000,-0.00000,-4.52984,-0.00000,-0.17772,-0.00000,-2.88496, 0.01823,15.03052, 3.84055,-2.34550,2120.62145,-7.46069, 0.00000,-0.00000,
 3.30000,14.97045,-0.00000,-91.59061,-0.00000,-29.37051,-0.00000,21.19894,-15.22352, 0.00000,-0.00000, 1.27706,-0.00000,-0.16640,-0.00000,-2.63302, 0.01990,16.44207, 4.41442,-2.14221,2120.62145,-7.46069, 0.00000,-0.00000,
 3.40000,17.17836,-0.00000,-104.34413,-0.00000,-28.97770,-0.00000,22.95065,-13.91556, 0.00000,-0.00000, 6.47092,-0.00000,-0.15072,-0.00000,-2.31176, 0.02154,17.83231, 5.02910,-1.87866,2120.62145,-7.46069, 0.00000,-0.00000,
 3.50000,19.55831,-0.00000,-117.84158,-0.00000,-28.09825,-0.00000,24.63457,-12.24942, 0.00000,-0.00000,11.00838,-0.00000,-0.13198,-0.00000,-1.93938, 0.02310,19.17629, 5.67964,-1.56486,2120.62145,-7.46069, 0.00000,-0.00000,
 3.60000,22.10208,-0.00000,-131.96343,-0.00000,-26.79781,-0.00000,26.22271,-10.30689, 0.00000,-0.00000,14.89260,-0.00000,-0.11102,-0.00000,-1.53042, 0.02458,20.45231, 6.36027,-1.21337,2120.62145,-7.46069, 0.00000,-0.00000,
 3.70000,24.79888,-0.00000,-146.57834,-0.00000,-25.14089,-0.00000,27.69170,-8.16353, 0.00000,-0.00000,18.14227,-0.00000,-0.08855,-0.00000,-1.09782, 0.02595,21.64206, 7.06467,-0.83609,2120.62145,-7.46069, 0.00000,-0.00000,
 3.80000,27.63581,-0.00000,-161.54729,-0.00000,-23.18957,-0.00000,29.02262,-5.88801,-0.00000,-0.00000,20.78589,-0.00000,-0.06520,-0.00000,-0.65307, 0.02718,22.73052, 7.78613,-0.44377,2120.62145,-7.46069, 0.00000,-0.00000,
 3.90000,30.59830,-0.00000,-176.72729,-0.00000,-21.00272,-0.00000,30.20075,-3.54177,-0.00000,-0.00000,22.85938,-0.00000,-0.04155,-0.00000,-0.20629, 0.02827,23.70577, 8.51777,-0.04594,2120.62145,-7.46069, 0.00000,-0.00000,
 4.00000,33.67050,-0.00000,-191.97469,-0.00000,-18.63532,-0.00000,31.21522,-1.17889,-0.00000,-0.00000,24.40432,-0.00000,-0.01807, 0.00000, 0.23381, 0.02920,24.55882, 9.25265, 0.34910,2120.62145,-7.46069, 0.00000,-0.00000,
 4.10000,36.83565,-0.00000,-207.14792,-0.00000,-16.13796,-0.00000,32.05872, 1.15388,-0.00000,-0.00000,25.46634,-0.00000, 0.00482, 0.00000, 0.65987, 0.02997,25.28331, 9.98396, 0.73430,2120.62145,-7.46069, 0.00000,-0.00000,
 4.20000,40.07641,-0.00000,-222.10991,-0.00000,-13.55654,-0.00000,32.72709, 3.41699,-0.00000,-0.00000,26.09370,-0.00000, 0.02677, 0.00000, 1.06581, 0.03057,25.87529,10.70509, 1.10377,2120.62145,-7.46069, 0.00000,-0.00000,
 4.30000,43.37518,-0.00000,-236.73002,-0.00000,-10.93205,-0.00000,33.21899, 5.57780,-0.00000,-0.00000,26.33600,-0.00000, 0.04751, 0.00000, 1.44682, 0.03101,26.33296,11.40974, 1.45273,2120.62145,-7.46069, 0.00000,-0.00000,
 4.40000,46.71435,-0.00000,-250.88563,-0.00000,-8.30051,-0.00000,33.53551, 7.61021,-0.00000,-0.00000,26.24306,-0.00000, 0.06682, 0.00000, 1.79920, 0.03128,26.65639,12.09200, 1.77748,2120.62145,-7.46069, 0.00000,-0.00000,
 4.50000,50.07654,-0.00000,-264.46329,-0.00000,-5.69298,-0.00000,33.67980, 9.49423,-0.00000,-0.00000,25.86397,-0.00000, 0.08453, 0.00000, 2.12034, 0.03140,26.84725,12.74640, 2.07530,2120.62145,-7.46069, 0.00000,-0.00000,
 4.60000,53.44474,-0.00000,-277.35958,-0.00000,-3.13567,-0.00000,33.65675,11.21552,-0.00000,-0.00000,25.24624,-0.00000, 0.10055, 0.00000, 2.40856, 0.03135,26.90857,13.36797, 2.34433,2120.62145,-7.46069, 0.00000,-0.00000,
 4.70000,56.80252,-0.00000,-289.48169,-0.00000,-0.65017,-0.00000,33.47263,12.76480,-0.00000,-0.00000,24.43515,-0.00000, 0.11482, 0.00000, 2.66304, 0.03115,26.84449,13.95222, 2.58354,2120.62145,-7.46069, 0.00000,-0.00000,
 4.80000,60.13414,-0.00000,-300.74762,-0.00000, 1.74633,-0.00000,33.13477,14.13740,-0.00000, 0.00000,23.47319,-0.00000, 0.12732, 0.00000, 2.88371, 0.03081,26.66001,14.49521, 2.79259,2120.62145,-7.46069, 0.00000,-0.00000,
 4.90000,63.42462,-0.00000,-311.08627,-0.00000, 4.04075,-0.00000,32.65132,15.33259,-0.00000, 0.00000,22.39968,-0.00000, 0.13806, 0.00000, 3.07115, 0.03034,26.36078,14.99350, 2.97175,2120.62145,-7.46069, 0.00000,-0.00000,
 5.00000,66.65984,-0.00000,-320.43721,-0.00000, 6.22375,-0.00000,32.03094,16.35313,-0.00000, 0.00000,21.25046,-0.00000, 0.14715, 0.00000, 3.22674, 0.02973,25.95292,15.44419, 3.12132,2120.62145,-2.46069, 0.00000,-0.00000,
 5.10000,69.82742,-0.00000,-328.74432,-0.00000, 8.22009,-0.00000,31.30653,17.11909,-0.00000, 0.00000,18.26104,-0.00000, 0.16956, 0.00000, 3.39658, 0.02903,25.46077,15.84457, 3.05322,2120.62145,-2.46069, 0.00000,-0.00000,
 5.20000,72.91818,-0.00000,-335.96165,-0.00000, 9.84844,-0.00000,30.49501,17.49001,-0.00000, 0.00000,14.29615,-0.00000, 0.17280, 0.00000, 3.40294, 0.02825,24.89670,16.19243, 3.05217,2120.62145,-2.46069, 0.00000,-0.00000,
 5.30000,75.92403,-0.00000,-342.08505,-0.00000,11.08519,-0.00000,29.61191,17.48156,-0.00000, 0.00000,10.48723,-0.00000, 0.17057, 0.00000, 3.33550, 0.02740,24.27233,16.48756, 3.01022,2120.62145,-2.46069, 0.00000,-0.00000,
 5.40000,78.83898,-0.00000,-347.13568,-0.00000,11.95690,-0.00000,28.68106,17.14316,-0.00000, 0.00000, 7.00579,-0.00000, 0.16515, 0.00000, 3.21479, 0.02651,23.60565,16.73098, 2.92089,2120.62145,-2.46069, 0.00000,-0.00000,
 5.50000,81.65940,-0.00000,-351.15213,-0.00000,12.49847,-0.00000,27.72499,16.52725,-0.00000, 0.00000, 3.88724,-0.00000, 0.15729, 0.00000, 3.05179, 0.02560,22.91377,16.92457, 2.79080,2120.62145,-2.46069, 0.00000,-0.00000,
 5.60000,84.38380,-0.00000,-354.18662,-0.00000,12.74677,-0.00000,26.76367,15.68459,-0.00000, 0.00000, 1.14110,-0.00000, 0.14751, 0.00000, 2.85570, 0.02468,22.21196,17.07082, 2.62794,2120.62145,-2.46069, 0.00000,-0.00000,
 5.70000,87.01254,-0.00000,-356.30208,-0.00000,12.73909,-0.00000,25.81432,14.66311,-0.00000, 0.00000,-1.23331,-0.00000, 0.13627, 0.00000, 2.63491, 0.02378,21.51353,17.17278, 2.43997,2120.62145,-2.46069, 0.00000,-0.00000,
 5.80000,89.54755,-0.00000,-357.56939,-0.00000,12.51224,-0.00000,24.89149,13.50733,-0.00000, 0.00000,-3.24383,-0.00000, 0.12399, 0.00000, 2.39705, 0.02290,20.82980,17.23386, 2.23397,2120.62145,-2.46069, 0.00000,-0.00000,
 5.90000,91.99212,-0.00000,-358.06499,-0.00000,12.10200,-0.00000,24.00715,12.25800,-0.00000, 0.00000,-4.90407,-0.00000, 0.11104, 0.00000, 2.14902, 0.02206,20.17020,17.25775, 2.01635,2120.62145,-2.46069, 0.00000,-0.00000,
 6.00000,94.35058,-0.00000,-357.86858,-0.00000,11.54250,-0.00000,23.17082,10.95189,-0.00000, 0.00000,-6.23232,-0.00000, 0.09777, 0.00000, 1.89692, 0.02127,19.54237,17.24828, 1.79286,2120.62145,-2.46069, 0.00000,-0.00000,
 6.10000,96.62813,-0.00000,-357.06123,-0.00000,10.86588,-0.00000,22.38975, 9.62162,-0.00000, 0.00000,-7.25052,-0.00000, 0.08447, 0.00000, 1.64606, 0.02053,18.95221,17.20937, 1.56853,2120.62145,-2.46069, 0.00000,-0.00000,
 6.20000,98.83055,-0.00000,-355.72361,-0.00000,10.10191,-0.00000,21.66910, 8.29566,-0.00000, 0.00000,-7.98337,-0.00000, 0.07140, 0.00000, 1.40098, 0.01985,18.40409,17.14490, 1.34769,2120.62145,-2.46069, 0.00000,-0.00000,
 6.30000,100.96407,-0.00000,-353.93457,-0.00000, 9.27783,-0.00000,21.01214, 6.99838,-0.00000, 0.00000,-8.45742,-0.00000, 0.05876, 0.00000, 1.16548, 0.01924,17.90094,17.05867, 1.13399,2120.62145,-2.46069, 0.00000,-0.00000,
 6.40000,103.03516,-0.00000,-351.76987,-0.00000, 8.41813,-0.00000,20.42044, 5.75016,-0.00000, 0.00000,-8.70037,-0.00000, 0.04674, 0.00000, 0.94263, 0.01868,17.44440,16.95434, 0.93046,2120.62145,-2.46069, 0.00000,-0.00000,
 6.50000,105.05034,-0.00000,-349.30123,-0.00000, 7.54452,-0.00000,19.89411, 4.56758,-0.00000, 0.00000,-8.74033,-0.00000, 0.03548, 0.00000, 0.73482, 0.01819,17.03499,16.83536, 0.73947,2120.62145,-2.46069, 0.00000,-0.00000,
 6.60000,107.01612,-0.00000,-346.59555,-0.00000, 6.67590,-0.00000,19.43198, 3.46363,-0.00000, 0.00000,-8.60528,-0.00000, 0.02507, 0.00000, 0.54385, 0.01775,16.67224,16.70495, 0.56284,2120.62145,-2.46069, 0.00000,-0.00000,
 6.70000,108.93880,-0.00000,-343.71431,-0.00000, 5.82839,-0.00000,19.03182, 2.44798,-0.00000, 0.00000,-8.32251,-0.00000, 0.01560, 0.00000, 0.37091, 0.01738,16.35485,16.56608, 0.40186,2120.62145,-2.46069, 0.00000,-0.00000,
 6.80000,110.82445,-0.00000,-340.71320,-0.00000, 5.01544,-0.00000,18.69052, 1.52730,-0.00000, 0.00000,-7.91825,-0.00000, 0.00712, 0.00000, 0.21671, 0.01706,16.08083,16.42144, 0.25734,2120.62145,-2.46069, 0.00000,-0.00000,
 6.90000,112.67874,-0.00000,-337.64189,-0.00000, 4.24796,-0.00000,18.40427, 0.70550,-0.00000, 0.00000,-7.41732,-0.00000,-0.00036, 0.00000, 0.08149, 0.01680,15.84763,16.27341, 0.12967,2120.62145,-2.46069, 0.00000,-0.00000,
 7.00000,114.50699,-0.00000,-334.54394,-0.00000, 3.53443,-0.00000,18.16876,-0.01592,-0.00000,-0.00000,-6.84283,-0.00000,-0.00684, 0.00000,-0.03488, 0.01658,15.65229,16.12410, 0.01887,2120.62145,-2.46069, 0.00000,-0.00000,
 7.10000,116.31403,-0.00000,-331.45686,-0.00000, 2.88113,-0.00000,17.97928,-0.63755,-0.00000,-0.00000,-6.21602,-0.00000,-0.01234, 0.00000,-0.13290, 0.01641,15.49150,15.97531,-0.07538,2120.62145,-2.46069, 0.00000,-0.00000,
 7.20000,118.10422,-0.00000,-328.41225,-0.00000, 2.29233,-0.00000,17.83092,-1.16178,-0.00000,-0.00000,-5.55611,-0.00000,-0.01689, 0.00000,-0.21331, 0.01627,15.36178,15.82857,-0.15364,2120.62145,-2.46069, 0.00000,-0.00000,
 7.30000,119.88142,-0.00000,-325.43603,-0.00000, 1.77044,-0.00000,17.71866,-1.59251,-0.00000,-0.00000,-4.88023,-0.00000,-0.02054, 0.00000,-0.27710, 0.01617,15.25953,15.68512,-0.21671,2120.62145,-2.46069, 0.00000,-0.00000,
 7.40000,121.64899,-0.00000,-322.54880,-0.00000, 1.31631,-0.00000,17.63748,-1.93482,-0.00000,-0.00000,-4.20337,-0.00000,-0.02335, 0.00000,-0.32543, 0.01610,15.18111,15.54596,-0.26555,2120.62145,-2.46069, 0.00000,-0.00000,
 7.50000,123.40979,-0.00000,-319.76616,-0.00000, 0.92937,-0.00000,17.58246,-2.19475,-0.00000,-0.00000,-3.53845,-0.00000,-0.02538, 0.00000,-0.35957, 0.01605,15.12293,15.41185,-0.30127,2120.62145,-2.46069, 0.00000,-0.00000,
 7.60000,125.16619,-0.00000,-317.09915,-0.00000, 0.60786,-0.00000,17.54888,-2.37905,-0.00000,-0.00000,-2.89632,-0.00000,-0.02671, 0.00000,-0.38090, 0.01603,15.08151,15.28331,-0.32505,2120.62145,-2.46069, 0.00000,-0.00000,
 7.70000,126.92013,-0.00000,-314.55468,-0.00000, 0.34905,-0.00000,17.53224,-2.49493,-0.00000,-0.00000,-2.28586,-0.00000,-0.02740, 0.00000,-0.39084, 0.01601,15.05353,15.16067,-0.33814,2120.62145,-2.46069, 0.00000,-0.00000,
 7.80000,128.67306,-0.00000,-312.13600,-0.00000, 0.14939,-0.00000,17.52834,-2.54985,-0.00000,-0.00000,-1.71412,-0.00000,-0.02755, 0.00000,-0.39081, 0.01602,15.03587,15.04410,-0.34182,2120.62145,-2.46069, 0.00000,-0.00000,
 7.90000,130.42609,-0.00000,-309.84313,-0.00000, 0.00475,-0.00000,17.53331,-2.55140,-0.00000,-0.00000,-1.18640,-0.00000,-0.02721, 0.00000,-0.38223, 0.01602,15.02562,14.93359,-0.33735,2120.62145,-2.46069, 0.00000,-0.00000,
 8.00000,132.17990,-0.00000,-307.67335,-0.00000,-0.08948,-0.00000,17.54364,-2.50706,-0.00000,-0.00000,-0.70645,-0.00000,-0.02646, 0.00000,-0.36648, 0.01604,15.02014,14.82901,-0.32597,2120.62145,-2.46069, 0.00000,-0.00000,
 8.10000,133.93489,-0.00000,-305.62164,-0.00000,-0.13821,-0.00000,17.55620,-2.42415,-0.00000,-0.00000,-0.27657,-0.00000,-0.02539, 0.00000,-0.34487, 0.01605,15.01705,14.73012,-0.30889,2120.62145,-2.46069, 0.00000,-0.00000,
 8.20000,135.69113,-0.00000,-303.68106,-0.00000,-0.14650,-0.00000,17.56823,-2.30966,-0.00000,-0.00000, 0.10220,-0.00000,-0.02404, 0.00000,-0.31866, 0.01607,15.01423,14.63659,-0.28723,2120.62145,-2.46069, 0.00000,-0.00000,
 8.30000,137.44844,-0.00000,-301.84320,-0.00000,-0.11947,-0.00000,17.57735,-2.17020,-0.00000,-0.00000, 0.42992,-0.00000,-0.02249, 0.00000,-0.28898, 0.01608,15.00986,14.54801,-0.26207,2120.62145,-2.46069, 0.00000,-0.00000,
 8.40000,139.20643,-0.00000,-300.09853,-0.00000,-0.06218,-0.00000,17.58155,-2.01191,-0.00000,-0.00000, 0.70763,-0.00000,-0.02079, 0.00000,-0.25691, 0.01609,15.00238,14.46392,-0.23437,2120.62145,-2.46069, 0.00000,-0.00000,
 8.50000,140.96453,-0.00000,-298.43676,-0.00000, 0.02045,-0.00000,17.57916,-1.84040,-0.00000,-0.00000, 0.93714,-0.00000,-0.01900, 0.00000,-0.22338, 0.01609,14.99046,14.38383,-0.20503,2120.62145,-2.46069, 0.00000,-0.00000,
 8.60000,142.72200,-0.00000,-296.84709,-0.00000, 0.12372,-0.00000,17.56889,-1.66078,-0.00000,-0.00000, 1.12091,-0.00000,-0.01716, 0.00000,-0.18924, 0.01608,14.97307,14.30721,-0.17483,2120.62145,-2.46069, 0.00000,-0.00000,
 8.70000,144.47801,-0.00000,-295.31856,-0.00000, 0.24320,-0.00000,17.54971,-1.47753,-0.00000,-0.00000, 1.26193,-0.00000,-0.01531, 0.00000,-0.15523, 0.01607,14.94939,14.23354,-0.14448,2120.62145,-2.46069, 0.00000,-0.00000,
 8.80000,146.23162,-0.00000,-293.84022,-0.00000, 0.37479,-0.00000,17.52092,-1.29462,-0.00000,-0.00000, 1.36355,-0.00000,-0.01349, 0.00000,-0.12198, 0.01604,14.91881,14.16229,-0.11458,2120.62145,-2.46069, 0.00000,-0.00000,
 8.90000,147.98186,-0.00000,-292.40138,-0.00000, 0.51472,-0.00000,17.48205,-1.11541,-0.00000,-0.00000, 1.42941,-0.00000,-0.01173, 0.00000,-0.09001, 0.01601,14.88092,14.09294,-0.08563,2120.62145,-2.46069, 0.00000,-0.00000,
 9.00000,149.72769,-0.00000,-290.99175,-0.00000, 0.65961,-0.00000,17.43289,-0.94275,-0.00000,-0.00000, 1.46330,-0.00000,-0.01006, 0.00000,-0.05975, 0.01596,14.83549,14.02500,-0.05805,2120.62145,-2.46069, 0.00000,-0.00000,
 9.10000,151.46809,-0.00000,-289.60160,-0.00000, 0.80644,-0.00000,17.37343,-0.77893,-0.00000,-0.00000, 1.46906,-0.00000,-0.00848, 0.00000,-0.03155, 0.01591,14.78246,13.95800,-0.03217,2120.62145,-2.46069, 0.00000,-0.00000,
 9.20000,153.20204,-0.00000,-288.22184,-0.00000, 0.95261,-0.00000,17.30381,-0.62578,-0.00000,-0.00000, 1.45055,-0.00000,-0.00702, 0.00000,-0.00564, 0.01585,14.72189,13.89150,-0.00826,2120.62145,-2.46069, 0.00000,-0.00000,
 9.30000,154.92852,-0.00000,-286.84413,-0.00000, 1.09587,-0.00000,17.22435,-0.48465,-0.00000,-0.00000, 1.41151,-0.00000,-0.00569, 0.00000, 0.01780, 0.01577,14.65396,13.82510, 0.01352,2120.62145,-2.46069, 0.00000,-0.00000,
 9.40000,156.64659,-0.00000,-285.46093,-0.00000, 1.23435,-0.00000,17.13547,-0.35648,-0.00000,-0.00000, 1.35554,-0.00000,-0.00449, 0.00000, 0.03867, 0.01569,14.57894,13.75843, 0.03304,2120.62145,-2.46069, 0.00000,-0.00000,
 9.50000,158.35532,-0.00000,-284.06550,-0.00000, 1.36653,-0.00000,17.03771,-0.24184,-0.00000,-0.00000, 1.28607,-0.00000,-0.00343, 0.00000, 0.05693, 0.01560,14.49718,13.69118, 0.05024,2120.62145,-2.46069, 0.00000,-0.00000,
 9.60000,160.05386,-0.00000,-282.65197,-0.00000, 1.49122,-0.00000,16.93166,-0.14095,-0.00000,-0.00000, 1.20629,-0.00000,-0.00251, 0.00000, 0.07260, 0.01550,14.40911,13.62305, 0.06513,2120.62145,-2.46069, 0.00000,-0.00000,
 9.70000,161.74140,-0.00000,-281.21529,-0.00000, 1.60754,-0.00000,16.81798,-0.05374,-0.00000,-0.00000, 1.11912,-0.00000,-0.00172, 0.00000, 0.08574, 0.01540,14.31517,13.55380, 0.07774,2120.62145,-2.46069, 0.00000,-0.00000,
 9.80000,163.41722,-0.00000,-279.75121,-0.00000, 1.71489,-0.00000,16.69735, 0.02009,-0.00000,-0.00000, 1.02723,-0.00000,-0.00107, 0.00000, 0.09646, 0.01529,14.21586,13.48324, 0.08814,2120.62145,-2.46069, 0.00000,-0.00000,
 9.90000,165.08066,-0.00000,-278.25628,-0.00000, 1.81291,-0.00000,16.57046, 0.08106,-0.00000,-0.00000, 0.93297,-0.00000,-0.00053, 0.00000, 0.10488, 0.01517,14.11168,13.41119, 0.09645,2120.62145,-2.46069, 0.00000,-0.00000,
10.00000,166.73113,-0.00000,-276.72777,-0.00000, 1.90147,-0.00000,16.43802, 0.12986,-0.00000,-0.00000, 0.83843,-0.00000,-0.00011, 0.00000, 0.11117, 0.01505,14.00312,13.33752, 0.10280,2120.62145,-2.46069, 0.00000,-0.00000,
10.10000,168.36810,-0.00000,-275.16367,-0.00000, 1.98064,-0.00000,16.30071, 0.16732,-0.00000,-0.00000, 0.74539,-0.00000, 0.00020, 0.00000, 0.11549, 0.01492,13.89071,13.26213, 0.10733,2120.62145,-2.46069, 0.00000,-0.00000,
10.20000,169.99113,-0.00000,-273.56256,-0.00000, 2.05065,-0.00000,16.15920, 0.19435,-0.00000,-0.00000, 0.65536,-0.00000, 0.00041, 0.00000, 0.11804, 0.01479,13.77492,13.18496, 0.11020,2120.62145,-2.46069, 0.00000,-0.00000,
10.30000,171.59982,-0.00000,-271.92362,-0.00000, 2.11186,-0.00000,16.01411, 0.21193,-0.00000,-0.00000, 0.56959,-0.00000, 0.00054, 0.00000, 0.11901, 0.01466,13.65622,13.10597, 0.11160,2120.62145,-2.46069, 0.00000,-0.00000,
10.40000,173.19385,-0.00000,-270.24653,-0.00000, 2.16474,-0.00000,15.86604, 0.22109,-0.00000,-0.00000, 0.48905,-0.00000, 0.00059, 0.00000, 0.11859, 0.01452,13.53506,13.02514, 0.11168,2120.62145,-2.46069, 0.00000,-0.00000,
10.50000,174.77295,-0.00000,-268.53141,-0.00000, 2.20987,-0.00000,15.71553, 0.22287,-0.00000,-0.00000, 0.41449,-0.00000, 0.00057, 0.00000, 0.11699, 0.01438,13.41183,12.94247, 0.11064,2120.62145,-2.46069, 0.00000,-0.00000,
10.60000,176.33690,-0.00000,-266.77879,-0.00000, 2.24786,-0.00000,15.56308, 0.21829,-0.00000,-0.00000, 0.34643,-0.00000, 0.00050, 0.00000, 0.11438, 0.01424,13.28692,12.85800, 0.10863,2120.62145,-2.46069, 0.00000,-0.00000,
10.70000,177.88552,-0.00000,-264.98948,-0.00000, 2.27938,-0.00000,15.40913, 0.20837,-0.00000,-0.00000, 0.28521,-0.00000, 0.00038, 0.00000, 0.11096, 0.01410,13.16067,12.77176, 0.10582,2120.62145,-2.46069, 0.00000,-0.00000,
10.80000,179.41868,-0.00000,-263.16459,-0.00000, 2.30513,-0.00000,15.25408, 0.19406,-0.00000,-0.00000, 0.23097,-0.00000, 0.00023, 0.00000, 0.10689, 0.01395,13.03337,12.68381, 0.10237,2120.62145,-2.46069, 0.00000,-0.00000,
10.90000,180.93631,-0.00000,-261.30542,-0.00000, 2.32581,-0.00000,15.09827, 0.17627,-0.00000,-0.00000, 0.18372,-0.00000, 0.00004, 0.00000, 0.10232, 0.01381,12.90529,12.59420, 0.09843,2120.62145,-2.46069, 0.00000,-0.00000,
11.00000,182.43832,-0.00000,-259.41344,-0.00000, 2.34211,-0.00000,14.94198, 0.15585,-0.00000,-0.00000, 0.14333,-0.00000,-0.00016, 0.00000, 0.09742, 0.01366,12.77666,12.50301, 0.09412,2120.62145,-2.46069, 0.00000,-0.00000,
11.10000,183.92470,-0.00000,-257.49022,-0.00000, 2.35470,-0.00000,14.78547, 0.13357,-0.00000,-0.00000, 0.10956,-0.00000,-0.00038, 0.00000, 0.09230, 0.01352,12.64767,12.41032, 0.08958,2120.62145,-2.46069, 0.00000,-0.00000,
11.20000,185.39542,-0.00000,-255.53740,-0.00000, 2.36423,-0.00000,14.62892, 0.11015,-0.00000,-0.00000, 0.08206,-0.00000,-0.00060, 0.00000, 0.08709, 0.01338,12.51847,12.31620, 0.08491,2120.62145,-2.46069, 0.00000,-0.00000,
11.30000,186.85048,-0.00000,-253.55667,-0.00000, 2.37131,-0.00000,14.47250, 0.08619,-0.00000,-0.00000, 0.06044,-0.00000,-0.00083, 0.00000, 0.08189, 0.01323,12.38919,12.22073, 0.08021,2120.62145,-2.46069, 0.00000,-0.00000,
11.40000,188.28992,-0.00000,-251.54968,-0.00000, 2.37650,-0.00000,14.31631, 0.06225,-0.00000,-0.00000, 0.04425,-0.00000,-0.00105, 0.00000, 0.07678, 0.01309,12.25993,12.12400, 0.07556,2120.62145,-2.46069, 0.00000,-0.00000,
11.50000,189.71376,-0.00000,-249.51809,-0.00000, 2.38032,-0.00000,14.16043, 0.03880,-0.00000,-0.00000, 0.03297,-0.00000,-0.00126, 0.00000, 0.07184, 0.01294,12.13075,12.02609, 0.07104,2120.62145,-2.46069, 0.00000,-0.00000,
11.60000,191.12202,-0.00000,-247.46348,-0.00000, 2.38324,-0.00000,14.00490, 0.01623,-0.00000,-0.00000, 0.02611,-0.00000,-0.00146, 0.00000, 0.06712, 0.01280,12.00170,11.92706, 0.06669,2120.62145,-2.46069, 0.00000,-0.00000,
11.70000,192.51475,-0.00000,-245.38738,-0.00000, 2.38567,-0.00000,13.84974,-0.00514,-0.00000,-0.00000, 0.02312,-0.00000,-0.00165, 0.00000, 0.06268, 0.01266,11.87279,11.82700, 0.06257,2120.62145,-2.46069, 0.00000,-0.00000,
11.80000,193.89198,-0.00000,-243.29119,-0.00000, 2.38797,-0.00000,13.69495,-0.02506,-0.00000,-0.00000, 0.02348,-0.00000,-0.00183, 0.00000, 0.05855, 0.01251,11.74403,11.72597, 0.05872,2120.62145,-2.46069, 0.00000,-0.00000,
11.90000,195.25375,-0.00000,-241.17627,-0.00000, 2.39046,-0.00000,13.54050,-0.04333,-0.00000,-0.00000, 0.02668,-0.00000,-0.00198, 0.00000, 0.05475, 0.01237,11.61541,11.62403, 0.05515,2120.62145,-2.46069, 0.00000,-0.00000,
12.00000,196.60009,-0.00000,-239.04382,-0.00000, 2.39339,-0.00000,13.38633,-0.05982,-0.00000,-0.00000, 0.03221,-0.00000,-0.00212, 0.00000, 0.05130, 0.01223,11.48690,11.52125, 0.05189,2120.62145,-2.46069, 0.00000,-0.00000,
12.10000,197.93102,-0.00000,-236.89496,-0.00000, 2.39697,-0.00000,13.23240,-0.07446,-0.00000,-0.00000, 0.03962,-0.00000,-0.00223, 0.00000, 0.04821, 0.01209,11.35847,11.41769, 0.04894,2120.62145,-2.46069, 0.00000,-0.00000,
12.20000,199.24657,-0.00000,-234.73068,-0.00000, 2.40136,-0.00000,13.07863,-0.08721,-0.00000,-0.00000, 0.04846,-0.00000,-0.00233, 0.00000, 0.04547, 0.01195,11.23006,11.31337, 0.04630,2120.62145,-2.46069, 0.00000,-0.00000,
12.30000,200.54675,-0.00000,-232.55187,-0.00000, 2.40669,-0.00000,12.92494,-0.09807,-0.00000,-0.00000, 0.05832,-0.00000,-0.00241, 0.00000, 0.04307, 0.01180,11.10163,11.20836, 0.04398,2120.62145,-2.46069, 0.00000,-0.00000,
12.40000,201.83156,-0.00000,-230.35930,-0.00000, 2.41304,-0.00000,12.77126,-0.10708,-0.00000,-0.00000, 0.06884,-0.00000,-0.00247, 0.00000, 0.04100, 0.01166,10.97312,11.10268, 0.04195,2120.62145,-2.46069, 0.00000,-0.00000,
12.50000,203.10100,-0.00000,-228.15362,-0.00000, 2.42047,-0.00000,12.61750,-0.11432,-0.00000,-0.00000, 0.07969,-0.00000,-0.00252, 0.00000, 0.03924, 0.01152,10.84447,10.99638, 0.04021,2120.62145,-2.46069, 0.00000,-0.00000,
12.60000,204.35506,-0.00000,-225.93542,-0.00000, 2.42898,-0.00000,12.46359,-0.11988,-0.00000,-0.00000, 0.09059,-0.00000,-0.00255, 0.00000, 0.03778, 0.01138,10.71562,10.88947, 0.03874,2120.62145,-2.46069, 0.00000,-0.00000,
12.70000,205.59371,-0.00000,-223.70516,-0.00000, 2.43858,-0.00000,12.30943,-0.12387,-0.00000,-0.00000, 0.10128,-0.00000,-0.00256, 0.00000, 0.03658, 0.01124,10.58652,10.78197, 0.03751,2120.62145,-2.46069, 0.00000,-0.00000,
12.80000,206.81693,-0.00000,-221.46322,-0.00000, 2.44923,-0.00000,12.15495,-0.12641,-0.00000,-0.00000, 0.11156,-0.00000,-0.00256, 0.00000, 0.03562, 0.01110,10.45711,10.67392, 0.03651,2120.62145,-2.46069, 0.00000,-0.00000,
12.90000,208.02469,-0.00000,-219.20991,-0.00000, 2.46087,-0.00000,12.00007,-0.12764,-0.00000,-0.00000, 0.12126,-0.00000,-0.00255, 0.00000, 0.03488, 0.01095,10.32734,10.56531, 0.03571,2120.62145,-2.46069, 0.00000,-0.00000,
13.00000,209.21693,-0.00000,-216.94547,-0.00000, 2.47345,-0.00000,11.84474,-0.12770,-0.00000,-0.00000, 0.13023,-0.00000,-0.00252, 0.00000, 0.03433, 0.01081,10.19715,10.45617, 0.03509,2120.62145,-2.46069, 0.00000,-0.00000,
13.10000,210.39362,-0.00000,-214.67008,-0.00000, 2.48689,-0.00000,11.68888,-0.12674,-0.00000,-0.00000, 0.13838,-0.00000,-0.00249, 0.00000, 0.03394, 0.01067,10.06650,10.34651, 0.03463,2120.62145,-2.46069, 0.00000,-0.00000,
13.20000,211.55469,-0.00000,-212.38386,-0.00000, 2.50110,-0.00000,11.53245,-0.12488,-0.00000,-0.00000, 0.14562,-0.00000,-0.00245, 0.00000, 0.03369, 0.01052, 9.93535,10.23632, 0.03429,2120.62145,-2.46069, 0.00000,-0.00000,
13.30000,212.70009,-0.00000,-210.08690,-0.00000, 2.51599,-0.00000,11.37538,-0.12228,-0.00000,-0.00000, 0.15192,-0.00000,-0.00240, 0.00000, 0.03354, 0.01038, 9.80367,10.12561, 0.03406,2120.62145,-2.46069, 0.00000,-0.00000,
13.40000,213.82974,-0.00000,-207.77923,-0.00000, 2.53145,-0.00000,11.21765,-0.11906,-0.00000,-0.00000, 0.15726,-0.00000,-0.00235, 0.00000, 0.03349, 0.01023, 9.67142,10.01439, 0.03392,2120.62145,-2.46069, 0.00000,-0.00000,
13.50000,214.94359,-0.00000,-205.46089,-0.00000, 2.54740,-0.00000,11.05922,-0.11535,-0.00000,-0.00000, 0.16162,-0.00000,-0.00229, 0.00000, 0.03350, 0.01009, 9.53858, 9.90265, 0.03384,2120.62145,-2.46069, 0.00000,-0.00000,
13.60000,216.04156,-0.00000,-203.13185,-0.00000, 2.56374,-0.00000,10.90005,-0.11127,-0.00000,-0.00000, 0.16502,-0.00000,-0.00223, 0.00000, 0.03355, 0.00994, 9.40513, 9.79040, 0.03381,2120.62145,-2.46069, 0.00000,-0.00000,
13.70000,217.12358,-0.00000,-200.79210,-0.00000, 2.58038,-0.00000,10.74014,-0.10692,-0.00000,-0.00000, 0.16751,-0.00000,-0.00217, 0.00000, 0.03363, 0.00980, 9.27105, 9.67763, 0.03381,2120.62145,-2.46069, 0.00000,-0.00000,
13.80000,218.18956,-0.00000,-198.44163,-0.00000, 2.59722,-0.00000,10.57947,-0.10239,-0.00000,-0.00000, 0.16912,-0.00000,-0.00211, 0.00000, 0.03373, 0.00965, 9.13634, 9.56434, 0.03383,2120.62145,-2.46069, 0.00000,-0.00000,
13.90000,219.23945,-0.00000,-196.08038,-0.00000, 2.61417,-0.00000,10.41802,-0.09779,-0.00000,-0.00000, 0.16990,-0.00000,-0.00205, 0.00000, 0.03382, 0.00950, 9.00098, 9.45053, 0.03385,2120.62145,-2.46069, 0.00000,-0.00000,
14.00000,220.27314,-0.00000,-193.70834,-0.00000, 2.63117,-0.00000,10.25580,-0.09318,-0.00000,-0.00000, 0.16993,-0.00000,-0.00198, 0.00000, 0.03389, 0.00935, 8.86498, 9.33621, 0.03386,2120.62145,-2.46069, 0.00000,-0.00000,
14.10000,221.29058,-0.00000,-191.32548,-0.00000, 2.64814,-0.00000,10.09281,-0.08863,-0.00000,-0.00000, 0.16927,-0.00000,-0.00192, 0.00000, 0.03394, 0.00920, 8.72833, 9.22136, 0.03386,2120.62145,-2.46069, 0.00000,-0.00000,
14.20000,222.29168,-0.00000,-188.93179,-0.00000, 2.66501,-0.00000, 9.92906,-0.08419,-0.00000,-0.00000, 0.16799,-0.00000,-0.00186, 0.00000, 0.03396, 0.00905, 8.59105, 9.10599, 0.03382,2120.62145,-2.46069, 0.00000,-0.00000,
14.30000,223.27637,-0.00000,-186.52724,-0.00000, 2.68172,-0.00000, 9.76455,-0.07990,-0.00000,-0.00000, 0.16616,-0.00000,-0.00180, 0.00000, 0.03394, 0.00890, 8.45313, 8.99010, 0.03375,2120.62145,-2.46069, 0.00000,-0.00000,
14.40000,224.24457,-0.00000,-184.11186,-0.00000, 2.69822,-0.00000, 9.59931,-0.07581,-0.00000,-0.00000, 0.16386,-0.00000,-0.00175, 0.00000, 0.03387, 0.00875, 8.31460, 8.87368, 0.03365,2120.62145,-2.46069, 0.00000,-0.00000,
14.50000,225.19620,-0.00000,-181.68565,-0.00000, 2.71447,-0.00000, 9.43335,-0.07194,-0.00000,-0.00000, 0.16115,-0.00000,-0.00169, 0.00000, 0.03376, 0.00859, 8.17546, 8.75675, 0.03350,2120.62145,-2.46069, 0.00000,-0.00000,
14.60000,226.13121,-0.00000,-179.24866,-0.00000, 2.73044,-0.00000, 9.26669,-0.06830,-0.00000,-0.00000, 0.15810,-0.00000,-0.00164, 0.00000, 0.03359, 0.00844, 8.03574, 8.63929, 0.03331,2120.62145,-2.46069, 0.00000,-0.00000,
14.70000,227.04952,-0.00000,-176.80094,-0.00000, 2.74609,-0.00000, 9.09935,-0.06492,-0.00000,-0.00000, 0.15479,-0.00000,-0.00159, 0.00000, 0.03338, 0.00829, 7.89544, 8.52132, 0.03307,2120.62145,-2.46069, 0.00000,-0.00000,
14.80000,227.95106,-0.00000,-174.34256,-0.00000, 2.76139,-0.00000, 8.93136,-0.06179,-0.00000,-0.00000, 0.15127,-0.00000,-0.00154, 0.00000, 0.03311, 0.00813, 7.75458, 8.40283, 0.03279,2120.62145,-2.46069, 0.00000,-0.00000,
14.90000,228.83577,-0.00000,-171.87359,-0.00000, 2.77633,-0.00000, 8.76274,-0.05892,-0.00000,-0.00000, 0.14759,-0.00000,-0.00150, 0.00000, 0.03279, 0.00798, 7.61319, 8.28383, 0.03246,2120.62145,-2.46069, 0.00000,-0.00000,
15.00000,229.70359,-0.00000,-169.39415,-0.00000, 2.79091,-0.00000, 8.59351,-0.05629,-0.00000,-0.00000, 0.14381,-0.00000,-0.00146, 0.00000, 0.03243, 0.00782, 7.47128, 8.16433, 0.03209,2120.62145,-2.46069, 0.00000,-0.00000,
15.10000,230.55446,-0.00000,-166.90434,-0.00000, 2.80509,-0.00000, 8.42371,-0.05391,-0.00000,-0.00000, 0.13997,-0.00000,-0.00142, 0.00000, 0.03202, 0.00767, 7.32888, 8.04433, 0.03168,2120.62145,-2.46069, 0.00000,-0.00000,
15.20000,231.38831,-0.00000,-164.40429,-0.00000, 2.81890,-0.00000, 8.25335,-0.05175,-0.00000,-0.00000, 0.13612,-0.00000,-0.00138, 0.00000, 0.03157, 0.00751, 7.18599, 7.92383, 0.03123,2120.62145,-2.46069, 0.00000,-0.00000,
15.30000,232.20511,-0.00000,-161.89416,-0.00000, 2.83232,-0.00000, 8.08246,-0.04981,-0.00000,-0.00000, 0.13228,-0.00000,-0.00134, 0.00000, 0.03108, 0.00735, 7.04265, 7.80285, 0.03074,2120.62145,-2.46069, 0.00000,-0.00000,
15.40000,233.00479,-0.00000,-159.37409,-0.00000, 2.84536,-0.00000, 7.91106,-0.04806,-0.00000,-0.00000, 0.12849,-0.00000,-0.00131, 0.00000, 0.03055, 0.00719, 6.89887, 7.68139, 0.03022,2120.62145,-2.46069, 0.00000,-0.00000,
15.50000,233.78730,-0.00000,-156.84426,-0.00000, 2.85802,-0.00000, 7.73919,-0.04649,-0.00000,-0.00000, 0.12477,-0.00000,-0.00128, 0.00000, 0.02999, 0.00704, 6.75467, 7.55946, 0.02967,2120.62145,-2.46069, 0.00000,-0.00000,
15.60000,234.55261,-0.00000,-154.30483,-0.00000, 2.87031,-0.00000, 7.56686,-0.04507,-0.00000,-0.00000, 0.12114,-0.00000,-0.00125, 0.00000, 0.02941, 0.00688, 6.61007, 7.43707, 0.02909,2120.62145,-2.46069, 0.00000,-0.00000,
15.70000,235.30066,-0.00000,-151.75601,-0.00000, 2.88225,-0.00000, 7.39410,-0.04380,-0.00000,-0.00000, 0.11761,-0.00000,-0.00122, 0.00000, 0.02880, 0.00672, 6.46509, 7.31422, 0.02849,2120.62145,-2.46069, 0.00000,-0.00000,
15.80000,236.03141,-0.00000,-149.19798,-0.00000, 2.89384,-0.00000, 7.22092,-0.04264,-0.00000,-0.00000, 0.11420,-0.00000,-0.00119, 0.00000, 0.02817, 0.00656, 6.31975, 7.19093, 0.02787,2120.62145,-2.46069, 0.00000,-0.00000,
15.90000,236.74483,-0.00000,-146.63095,-0.00000, 2.90509,-0.00000, 7.04736,-0.04159,-0.00000,-0.00000, 0.11091,-0.00000,-0.00116, 0.00000, 0.02752, 0.00640, 6.17405, 7.06721, 0.02723,2120.62145,-2.46069, 0.00000,-0.00000,
16.00000,237.44087,-0.00000,-144.05512,-0.00000, 2.91602,-0.00000, 6.87342,-0.04062,-0.00000,-0.00000, 0.10774,-0.00000,-0.00113, 0.00000, 0.02686, 0.00624, 6.02803, 6.94306, 0.02658,2120.62145,-2.46069, 0.00000,-0.00000,
16.10000,238.11950,-0.00000,-141.47070,-0.00000, 2.92665,-0.00000, 6.69914,-0.03971,-0.00000,-0.00000, 0.10470,-0.00000,-0.00111, 0.00000, 0.02618, 0.00608, 5.88169, 6.81850, 0.02592,2120.62145,-2.46069, 0.00000,-0.00000,
16.20000,238.78069,-0.00000,-138.87791,-0.00000, 2.93697,-0.00000, 6.52452,-0.03886,-0.00000,-0.00000, 0.10179,-0.00000,-0.00108, 0.00000, 0.02550, 0.00592, 5.73505, 6.69353, 0.02525,2120.62145,-2.46069, 0.00000,-0.00000,
16.30000,239.42440,-0.00000,-136.27697,-0.00000, 2.94701,-0.00000, 6.34958,-0.03804,-0.00000,-0.00000, 0.09899,-0.00000,-0.00106, 0.00000, 0.02481, 0.00576, 5.58812, 6.56818, 0.02457,2120.62145,-2.46069, 0.00000,-0.00000,
16.40000,240.05060,-0.00000,-133.66810,-0.00000, 2.95677,-0.00000, 6.17434,-0.03724,-0.00000,-0.00000, 0.09631,-0.00000,-0.00103, 0.00000, 0.02412, 0.00560, 5.44092, 6.44243, 0.02389,2120.62145,-2.46069, 0.00000,-0.00000,
16.50000,240.65926,-0.00000,-131.05152,-0.00000, 2.96627,-0.00000, 5.99882,-0.03645,-0.00000,-0.00000, 0.09373,-0.00000,-0.00100, 0.00000, 0.02343, 0.00544, 5.29346, 6.31632, 0.02321,2120.62145,-2.46069, 0.00000,-0.00000,
16.60000,241.25035,-0.00000,-128.42744,-0.00000, 2.97552,-0.00000, 5.82303,-0.03566,-0.00000,-0.00000, 0.09126,-0.00000,-0.00098, 0.00000, 0.02274, 0.00527, 5.14576, 6.18985, 0.02253,2120.62145,-2.46069, 0.00000,-0.00000,
16.70000,241.82385,-0.00000,-125.79609,-0.00000, 2.98453,-0.00000, 5.64699,-0.03486,-0.00000,-0.00000, 0.08887,-0.00000,-0.00095, 0.00000, 0.02205, 0.00511, 4.99781, 6.06303, 0.02184,2120.62145,-2.46069, 0.00000,-0.00000,
16.80000,242.37974,-0.00000,-123.15769,-0.00000, 2.99330,-0.00000, 5.47070,-0.03404,-0.00000,-0.00000, 0.08656,-0.00000,-0.00092, 0.00000, 0.02137, 0.00495, 4.84964, 5.93586, 0.02117,2120.62145,-2.46069, 0.00000,-0.00000,
16.90000,242.91799,-0.00000,-120.51247,-0.00000, 3.00184,-0.00000, 5.29418,-0.03320,-0.00000,-0.00000, 0.08432,-0.00000,-0.00090, 0.00000, 0.02069, 0.00479, 4.70126, 5.80837, 0.02049,2120.62145,-2.46069, 0.00000,-0.00000,
17.00000,243.43857,-0.00000,-117.86062,-0.00000, 3.01016,-0.00000, 5.11745,-0.03233,-0.00000,-0.00000, 0.08214,-0.00000,-0.00087, 0.00000, 0.02001, 0.00463, 4.55268, 5.68056, 0.01982,2120.62145,-2.46069, 0.00000,-0.00000,
17.10000,243.94147,-0.00000,-115.20239,-0.00000, 3.01827,-0.00000, 4.94051,-0.03143,-0.00000,-0.00000, 0.08001,-0.00000,-0.00084, 0.00000, 0.01934, 0.00446, 4.40390, 5.55244, 0.01915,2120.62145,-2.46069, 0.00000,-0.00000,
17.20000,244.42666,-0.00000,-112.53797,-0.00000, 3.02617,-0.00000, 4.76338,-0.03049,-0.00000,-0.00000, 0.07793,-0.00000,-0.00081, 0.00000, 0.01867, 0.00430, 4.25495, 5.42402, 0.01849,2120.62145,-2.46069, 0.00000,-0.00000,
17.30000,244.89414,-0.00000,-109.86758,-0.00000, 3.03386,-0.00000, 4.58607,-0.02952,-0.00000,-0.00000, 0.07587,-0.00000,-0.00079, 0.00000, 0.01801, 0.00414, 4.10581, 5.29531, 0.01783,2120.62145,-2.46069, 0.00000,-0.00000,
17.40000,245.34387,-0.00000,-107.19143,-0.00000, 3.04134,-0.00000, 4.40859,-0.02852,-0.00000,-0.00000, 0.07384,-0.00000,-0.00076, 0.00000, 0.01736, 0.00397, 3.95652, 5.16633, 0.01718,2120.62145,-2.46069, 0.00000,-0.00000,
17.50000,245.77585,-0.00000,-104.50973,-0.00000, 3.04863,-0.00000, 4.23094,-0.02747,-0.00000,-0.00000, 0.07183,-0.00000,-0.00073, 0.00000, 0.01671, 0.00381, 3.80708, 5.03708, 0.01653,2120.62145,-2.46069, 0.00000,-0.00000,
17.60000,246.19006,-0.00000,-101.82269,-0.00000, 3.05571,-0.00000, 4.05316,-0.02639,-0.00000,-0.00000, 0.06983,-0.00000,-0.00070, 0.00000, 0.01607, 0.00365, 3.65749, 4.90757, 0.01589,2120.62145,-2.46069, 0.00000,-0.00000,
17.70000,246.58648,-0.00000,-99.13052,-0.00000, 3.06259,-0.00000, 3.87523,-0.02528,-0.00000,-0.00000, 0.06783,-0.00000,-0.00067, 0.00000, 0.01543, 0.00348, 3.50776, 4.77782, 0.01525,2120.62145,-2.46069, 0.00000,-0.00000,
17.80000,246.96510,-0.00000,-96.43341,-0.00000, 3.06927,-0.00000, 3.69718,-0.02413,-0.00000,-0.00000, 0.06583,-0.00000,-0.00064, 0.00000, 0.01480, 0.00332, 3.35792, 4.64782, 0.01462,2120.62145,-2.46069, 0.00000,-0.00000,
17.90000,247.32591,-0.00000,-93.73157,-0.00000, 3.07576,-0.00000, 3.51901,-0.02295,-0.00000,-0.00000, 0.06382,-0.00000,-0.00061, 0.00000, 0.01417, 0.00316, 3.20796, 4.51760, 0.01399,2120.62145,-2.46069, 0.00000,-0.00000,
18.00000,247.66890,-0.00000,-91.02521,-0.00000, 3.08204,-0.00000, 3.34074,-0.02175,-0.00000,-0.00000, 0.06180,-0.00000,-0.00058, 0.00000, 0.01355, 0.00299, 3.05789, 4.38716, 0.01337,2120.62145,-2.46069, 0.00000,-0.00000,
18.10000,247.99405,-0.00000,-88.31451,-0.00000, 3.08812,-0.00000, 3.16238,-0.02052,-0.00000,-0.00000, 0.05977,-0.00000,-0.00055, 0.00000, 0.01293, 0.00283, 2.90773, 4.25652, 0.01274,2120.62145,-2.46069, 0.00000,-0.00000,
18.20000,248.30137,-0.00000,-85.59968,-0.00000, 3.09399,-0.00000, 2.98394,-0.01927,-0.00000,-0.00000, 0.05773,-0.00000,-0.00052, 0.00000, 0.01231, 0.00267, 2.75748, 4.12567, 0.01213,2120.62145,-2.46069, 0.00000,-0.00000,
18.30000,248.59084,-0.00000,-82.88091,-0.00000, 3.09966,-0.00000, 2.80543,-0.01799,-0.00000,-0.00000, 0.05567,-0.00000,-0.00048, 0.00000, 0.01169, 0.00250, 2.60715, 3.99463, 0.01151,2120.62145,-2.46069, 0.00000,-0.00000,
18.40000,248.86245,-0.00000,-80.15841,-0.00000, 3.10513,-0.00000, 2.62686,-0.01670,-0.00000,-0.00000, 0.05358,-0.00000,-0.00045, 0.00000, 0.01108, 0.00234, 2.45676, 3.86341, 0.01090,2120.62145,-2.46069, 0.00000,-0.00000,
18.50000,249.11621,-0.00000,-77.43236,-0.00000, 3.11038,-0.00000, 2.44824,-0.01540,-0.00000, 0.00000, 0.05148,-0.00000,-0.00042, 0.00000, 0.01047, 0.00217, 2.30631, 3.73203, 0.01028,2120.62145,-2.46069, 0.00000,-0.00000,
18.60000,249.35210,-0.00000,-74.70296,-0.00000, 3.11542,-0.00000, 2.26959,-0.01408,-0.00000, 0.00000, 0.04936,-0.00000,-0.00039, 0.00000, 0.00986, 0.00201, 2.15582, 3.60048, 0.00967,2120.62145,-2.46069, 0.00000,-0.00000,
18.70000,249.57013,-0.00000,-71.97041,-0.00000, 3.12025,-0.00000, 2.09091,-0.01276,-0.00000, 0.00000, 0.04722,-0.00000,-0.00036, 0.00000, 0.00926, 0.00185, 2.00529, 3.46878, 0.00907,2120.62145,-2.46069, 0.00000,-0.00000,
18.80000,249.77028,-0.00000,-69.23490,-0.00000, 3.12486,-0.00000, 1.91223,-0.01142,-0.00000, 0.00000, 0.04506,-0.00000,-0.00033, 0.00000, 0.00865, 0.00168, 1.85473, 3.33693, 0.00846,2120.62145,-2.46069, 0.00000,-0.00000,
18.90000,249.95257,-0.00000,-66.49662,-0.00000, 3.12926,-0.00000, 1.73354,-0.01008,-0.00000, 0.00000, 0.04288,-0.00000,-0.00029, 0.00000, 0.00804, 0.00152, 1.70416, 3.20495, 0.00785,2120.62145,-2.46069, 0.00000,-0.00000,
19.00000,250.11699,-0.00000,-63.75577,-0.00000, 3.13344,-0.00000, 1.55487,-0.00874,-0.00000, 0.00000, 0.04068,-0.00000,-0.00026, 0.00000, 0.00744, 0.00135, 1.55358, 3.07285, 0.00724,2120.62145,-2.46069, 0.00000,-0.00000,
19.10000,250.26355,-0.00000,-61.01254,-0.00000, 3.13740,-0.00000, 1.37622,-0.00740,-0.00000, 0.00000, 0.03847,-0.00000,-0.00023, 0.00000, 0.00683, 0.00119, 1.40301, 2.94064, 0.00663,2120.62145,-2.46069, 0.00000,-0.00000,
19.20000,250.39224,-0.00000,-58.26713,-0.00000, 3.14113,-0.00000, 1.19762,-0.00606,-0.00000, 0.00000, 0.03624,-0.00000,-0.00020, 0.00000, 0.00623, 0.00103, 1.25245, 2.80832, 0.00603,2120.62145,-2.46069, 0.00000,-0.00000,
19.30000,250.50307,-0.00000,-55.51972,-0.00000, 3.14465,-0.00000, 1.01906,-0.00472,-0.00000, 0.00000, 0.03400,-0.00000,-0.00017, 0.00000, 0.00562, 0.00086, 1.10192, 2.67590, 0.00542,2120.62145,-2.46069, 0.00000,-0.00000,
19.40000,250.59605,-0.00000,-52.77051,-0.00000, 3.14793,-0.00000, 0.84057,-0.00338,-0.00000, 0.00000, 0.03174,-0.00000,-0.00013, 0.00000, 0.00501, 0.00070, 0.95143, 2.54339, 0.00481,2120.62145,-2.46069, 0.00000,-0.00000,
19.50000,250.67119,-0.00000,-50.01970,-0.00000, 3.15099,-0.00000, 0.66215,-0.00205,-0.00000, 0.00000, 0.02948,-0.00000,-0.00010, 0.00000, 0.00440, 0.00053, 0.80098, 2.41081, 0.00420,2120.62145,-2.46069, 0.00000,-0.00000,
19.60000,250.72849,-0.00000,-47.26748,-0.00000, 3.15383,-0.00000, 0.48382,-0.00072,-0.00000, 0.00000, 0.02720,-0.00000,-0.00007, 0.00000, 0.00380, 0.00037, 0.65059, 2.27816, 0.00359,2120.62145,-2.46069, 0.00000,-0.00000,
19.70000,250.76796,-0.00000,-44.51405,-0.00000, 3.15643,-0.00000, 0.30560, 0.00061,-0.00000, 0.00000, 0.02492,-0.00000,-0.00004, 0.00000, 0.00319, 0.00021, 0.50027, 2.14545, 0.00298,2120.62145,-2.46069, 0.00000,-0.00000,
19.80000,250.78961,-0.00000,-41.75959,-0.00000, 3.15881,-0.00000, 0.12749, 0.00193,-0.00000, 0.00000, 0.02263,-0.00000,-0.00001, 0.00000, 0.00258, 0.00004, 0.35002, 2.01270, 0.00237,2120.62145,-2.46069, 0.00000,-0.00000,
19.90000,250.79346,-0.00000,-39.00430,-0.00000, 3.16096,-0.00000,-0.05050, 0.00324,-0.00000, 0.00000, 0.02034,-0.00000, 0.00002, 0.00000, 0.00197,-0.00012, 0.19987, 1.87990, 0.00176,2120.62145,-2.46069, 0.00000,-0.00000,
20.00000,250.77951,-0.00000,-36.24839,-0.00000, 3.16288,-0.00000,-0.22834, 0.00455,-0.00000, 0.00000, 0.01804,-0.00000, 0.00006, 0.00000, 0.00136,-0.00028, 0.04982, 1.74707, 0.00115,2120.62145,-2.46069, 0.00000,-0.00000,
=======
 0.00000, 0.00000, 0.00000, 0.00000, 0.00000, 0.00000, 0.00000, 0.00000, 0.00000, 0.00000, 0.00000, 0.00000, 0.00000, 0.00000, 0.00000, 0.00000, 0.00000, 0.00000, 0.00000, 0.00000,2120.62145,-2.46069, 0.00000, 0.00000,
 0.10000, 0.00000, 0.00000, 0.00000, 0.00000, 0.00000, 0.00000, 0.00000, 0.00000, 0.00000, 0.00000, 0.00000, 0.00000, 0.00000, 0.00000, 0.00000, 0.00000, 0.00000, 0.00000, 0.00000,2120.62145,-2.46069, 0.00000, 0.00000,
 0.20000, 0.00000, 0.00000, 0.00000, 0.00000, 0.00000, 0.00000, 0.00000, 0.00000, 0.00000, 0.00000, 0.00000, 0.00000, 0.00000, 0.00000, 0.00000, 0.00000, 0.00000, 0.00000, 0.00000,2120.62145,-2.46069, 0.00000, 0.00000,
 0.30000, 0.00000, 0.00000, 0.00000, 0.00000, 0.00000, 0.00000, 0.00000, 0.00000, 0.00000, 0.00000, 0.00000, 0.00000, 0.00000, 0.00000, 0.00000, 0.00000, 0.00000, 0.00000, 0.00000,2120.62145,-2.46069, 0.00000, 0.00000,
 0.40000, 0.00000, 0.00000, 0.00000, 0.00000, 0.00000, 0.00000, 0.00000, 0.00000, 0.00000, 0.00000, 0.00000, 0.00000, 0.00000, 0.00000, 0.00000, 0.00000, 0.00000, 0.00000, 0.00000,2120.62145,-2.46069, 0.00000, 0.00000,
 0.50000, 0.00000, 0.00000, 0.00000, 0.00000, 0.00000, 0.00000, 0.00000, 0.00000, 0.00000, 0.00000, 0.00000, 0.00000, 0.00000, 0.00000, 0.00000, 0.00000, 0.00000, 0.00000, 0.00000,2120.62145,-2.46069, 0.00000, 0.00000,
 0.60000, 0.00000, 0.00000, 0.00000, 0.00000, 0.00000, 0.00000, 0.00000, 0.00000, 0.00000, 0.00000, 0.00000, 0.00000, 0.00000, 0.00000, 0.00000, 0.00000, 0.00000, 0.00000, 0.00000,2120.62145,-2.46069, 0.00000, 0.00000,
 0.70000, 0.00000, 0.00000, 0.00000, 0.00000, 0.00000, 0.00000, 0.00000, 0.00000, 0.00000, 0.00000, 0.00000, 0.00000, 0.00000, 0.00000, 0.00000, 0.00000, 0.00000, 0.00000, 0.00000,2120.62145,-2.46069, 0.00000, 0.00000,
 0.80000, 0.00000, 0.00000, 0.00000, 0.00000, 0.00000, 0.00000, 0.00000, 0.00000, 0.00000, 0.00000, 0.00000, 0.00000, 0.00000, 0.00000, 0.00000, 0.00000, 0.00000, 0.00000, 0.00000,2120.62145,-2.46069, 0.00000, 0.00000,
 0.90000, 0.00000, 0.00000, 0.00000, 0.00000, 0.00000, 0.00000, 0.00000, 0.00000, 0.00000, 0.00000, 0.00000, 0.00000, 0.00000, 0.00000, 0.00000, 0.00000, 0.00000, 0.00000, 0.00000,2120.62145,-2.46069, 0.00000, 0.00000,
 1.00000, 0.00000, 0.00000, 0.00000, 0.00000, 0.00000, 0.00000, 0.00000, 0.00000, 0.00000, 0.00000, 0.00000, 0.00000, 0.00005, 0.00000, 0.00028, 0.00000, 0.00000, 0.00000, 0.00028,2120.62145, 2.53931, 0.00000, 0.00000,
 1.10000, 0.00088, 0.00000, 0.00604, 0.00000,-0.06931,-0.00000, 0.02398,-0.08558, 0.00000, 0.00000,-1.79670,-0.00000, 0.01505, 0.00000, 0.04538, 0.00002, 0.01793,-0.00029, 0.04538,2120.62145, 2.53931, 0.00000, 0.00000,
 1.20000, 0.00580, 0.00000, 0.02381, 0.00000,-0.38636,-0.00000, 0.07979,-0.40524, 0.00000, 0.00000,-4.55378,-0.00000, 0.01241, 0.00000,-0.04435, 0.00008, 0.05964,-0.00115,-0.04435,2120.62145, 2.53931, 0.00000, 0.00000,
 1.30000, 0.01811, 0.00000, 0.02645, 0.00000,-0.97452,-0.00000, 0.17406,-0.95324, 0.00000, 0.00000,-7.16453,-0.00000, 0.00573,-0.00000,-0.18139, 0.00016, 0.13026,-0.00127,-0.18139,2120.62145, 2.53931, 0.00000, 0.00000,
 1.40000, 0.04240, 0.00000,-0.02972, 0.00000,-1.80927,-0.00000, 0.32191,-1.69157, 0.00000, 0.00000,-9.47841,-0.00000,-0.00284,-0.00000,-0.34758, 0.00030, 0.24138, 0.00143,-0.34758,2120.62145, 2.53931, 0.00000, 0.00000,
 1.50000, 0.08476, 0.00000,-0.19801, 0.00000,-2.85969,-0.00000, 0.53757,-2.58020, 0.00000, 0.00000,-11.47748,-0.00000,-0.01268,-0.00000,-0.53441, 0.00051, 0.40400, 0.00954,-0.53441,2120.62145, 2.53931, 0.00000, 0.00000,
 1.60000, 0.15258, 0.00000,-0.53842, 0.00000,-4.09442,-0.00000, 0.83317,-3.58141, 0.00000, 0.00000,-13.16627,-0.00000,-0.02339,-0.00000,-0.73522, 0.00079, 0.62755, 0.02595,-0.73522,2120.62145, 2.53931, 0.00000, 0.00000,
 1.70000, 0.25439, 0.00000,-1.11545, 0.00000,-5.48298,-0.00000, 1.21864,-4.66066, 0.00000, 0.00000,-14.55635,-0.00000,-0.03467,-0.00000,-0.94415, 0.00115, 0.91989, 0.05376,-0.94415,2120.62145, 2.53931, 0.00000, 0.00000,
 1.80000, 0.39957, 0.00000,-1.99628, 0.00000,-6.99626,-0.00000, 1.70185,-5.78681, 0.00000, 0.00000,-15.66353,-0.00000,-0.04621,-0.00000,-1.15604, 0.00161, 1.28733, 0.09622,-1.15604,2120.62145, 2.53931, 0.00000, 0.00000,
 1.90000, 0.59822, 0.00000,-3.24905, 0.00000,-8.60688,-0.00000, 2.28876,-6.93226, 0.00000, 0.00000,-16.50671,-0.00000,-0.05778,-0.00000,-1.36640, 0.00216, 1.73471, 0.15660,-1.36640,2120.62145, 2.53931, 0.00000, 0.00000,
 2.00000, 0.86092, 0.00000,-4.94140, 0.00000,-10.28950,-0.00000, 2.98350,-8.07292, 0.00000, 0.00000,-17.10710, 0.00000,-0.06914,-0.00000,-1.57138, 0.00282, 2.26559, 0.23816,-1.57138,2120.62145, 2.53931, 0.00000, 0.00000,
 2.10000, 1.19860, 0.00000,-7.13930, 0.00000,-12.02097,-0.00000, 3.78864,-9.18825, 0.00000, 0.00000,-17.48744, 0.00000,-0.08014,-0.00000,-1.76781, 0.00357, 2.88225, 0.34409,-1.76781,2120.62145, 2.53931, 0.00000, 0.00000,
 2.20000, 1.62237, 0.00000,-9.90596, 0.00000,-13.78044,-0.00000, 4.70530,-10.26106, 0.00000, 0.00000,-17.67140, 0.00000,-0.09060,-0.00000,-1.95309, 0.00444, 3.58594, 0.47744,-1.95309,2120.62145, 2.53931, 0.00000, 0.00000,
 2.30000, 2.14337, 0.00000,-13.30101, 0.00000,-15.54950, 0.00000, 5.73334,-11.27741, 0.00000, 0.00000,-17.68301, 0.00000,-0.10043,-0.00000,-2.12522, 0.00540, 4.37692, 0.64107,-2.12522,2120.62145, 2.53931, 0.00000, 0.00000,
 2.40000, 2.77271, 0.00000,-17.37987, 0.00000,-17.31210, 0.00000, 6.87156,-12.22642, 0.00000, 0.00000,-17.54610, 0.00000,-0.10952,-0.00000,-2.28271, 0.00647, 5.25462, 0.83766,-2.28271,2120.62145, 2.53931, 0.00000, 0.00000,
 2.50000, 3.52129, 0.00000,-22.19327, 0.00000,-19.05455, 0.00000, 8.11784,-13.09999, 0.00000, 0.00000,-17.28392, 0.00000,-0.11782,-0.00000,-2.42456, 0.00764, 6.21777, 1.06965,-2.42456,2120.62145, 2.53931, 0.00000, 0.00000,
 2.60000, 4.39978, 0.00000,-27.78690, 0.00000,-20.76545, 0.00000, 9.46934,-13.89262, 0.00000, 0.00000,-16.91879, 0.00000,-0.12529,-0.00000,-2.55020, 0.00891, 7.26450, 1.33925,-2.55020,2120.62145, 2.53931, 0.00000, 0.00000,
 2.70000, 5.41855, 0.00000,-34.20124, 0.00000,-22.43558, 0.00000,10.92261,-14.60111, 0.00000, 0.00000,-16.47180, 0.00000,-0.13192,-0.00000,-2.65944, 0.01028, 8.39250, 1.64841,-2.65944,2120.62145, 2.53931, 0.00000, 0.00000,
 2.80000, 6.58757, 0.00000,-41.47149, 0.00000,-24.05774, 0.00000,12.47378,-15.22429, 0.00000, 0.00000,-15.96258, 0.00000,-0.13770,-0.00000,-2.75243, 0.01173, 9.59906, 1.99881,-2.75243,2120.62145, 2.53931, 0.00000, 0.00000,
 2.90000, 7.91643, 0.00000,-49.62765, 0.00000,-25.62662, 0.00000,14.11867,-15.76278, 0.00000, 0.00000,-15.40914, 0.00000,-0.14265,-0.00000,-2.82960, 0.01328,10.88124, 2.39192,-2.82960,2120.62145, 2.53931, 0.00000, 0.00000,
 3.00000, 9.41428, 0.00000,-58.69461, 0.00000,-27.13864, 0.00000,15.85288,-16.21872, 0.00000, 0.00000,-14.82776, 0.00000,-0.14691,-0.00000,-2.89215, 0.01490,12.23591, 2.82892,-2.89215,2120.62145,-7.46069, 0.00000, 0.00000,
 3.10000,11.08808, 0.00000,-68.70446, 0.00000,-28.45311, 0.00000,17.62403,-16.42434, 0.00000, 0.00000,-10.63956, 0.00000,-0.18030,-0.00000,-3.03004, 0.01656,13.62399, 3.31137,-3.03004,2120.62145,-7.46069, 0.00000, 0.00000,
 3.20000,12.93975, 0.00000,-79.68400, 0.00000,-29.21249, 0.00000,19.41191,-16.08705, 0.00000, 0.00000,-4.52984, 0.00000,-0.17772,-0.00000,-2.88496, 0.01823,15.03052, 3.84055,-2.88496,2120.62145,-7.46069, 0.00000, 0.00000,
 3.30000,14.97045, 0.00000,-91.59061, 0.00000,-29.37051, 0.00000,21.19894,-15.22352, 0.00000, 0.00000, 1.27706, 0.00000,-0.16640,-0.00000,-2.63302, 0.01990,16.44207, 4.41442,-2.63302,2120.62145,-7.46069, 0.00000, 0.00000,
 3.40000,17.17836, 0.00000,-104.34413, 0.00000,-28.97770, 0.00000,22.95065,-13.91556, 0.00000, 0.00000, 6.47092, 0.00000,-0.15072,-0.00000,-2.31176, 0.02154,17.83231, 5.02910,-2.31176,2120.62145,-7.46069, 0.00000, 0.00000,
 3.50000,19.55831, 0.00000,-117.84158, 0.00000,-28.09825, 0.00000,24.63457,-12.24942, 0.00000, 0.00000,11.00838, 0.00000,-0.13198,-0.00000,-1.93938, 0.02310,19.17629, 5.67964,-1.93938,2120.62145,-7.46069, 0.00000, 0.00000,
 3.60000,22.10208, 0.00000,-131.96343, 0.00000,-26.79781, 0.00000,26.22271,-10.30689, 0.00000, 0.00000,14.89260, 0.00000,-0.11102,-0.00000,-1.53042, 0.02458,20.45231, 6.36027,-1.53042,2120.62145,-7.46069, 0.00000, 0.00000,
 3.70000,24.79888, 0.00000,-146.57834, 0.00000,-25.14089, 0.00000,27.69170,-8.16353, 0.00000, 0.00000,18.14227, 0.00000,-0.08855,-0.00000,-1.09782, 0.02595,21.64206, 7.06467,-1.09782,2120.62145,-7.46069, 0.00000, 0.00000,
 3.80000,27.63581, 0.00000,-161.54729, 0.00000,-23.18957, 0.00000,29.02262,-5.88801, 0.00000, 0.00000,20.78589, 0.00000,-0.06520,-0.00000,-0.65307, 0.02718,22.73052, 7.78613,-0.65307,2120.62145,-7.46069, 0.00000, 0.00000,
 3.90000,30.59830, 0.00000,-176.72729, 0.00000,-21.00272, 0.00000,30.20075,-3.54177, 0.00000, 0.00000,22.85938, 0.00000,-0.04155,-0.00000,-0.20629, 0.02827,23.70577, 8.51777,-0.20629,2120.62145,-7.46069, 0.00000, 0.00000,
 4.00000,33.67050, 0.00000,-191.97469, 0.00000,-18.63532, 0.00000,31.21522,-1.17889, 0.00000, 0.00000,24.40432, 0.00000,-0.01807,-0.00000, 0.23381, 0.02920,24.55882, 9.25265, 0.23381,2120.62145,-7.46069, 0.00000, 0.00000,
 4.10000,36.83565, 0.00000,-207.14792, 0.00000,-16.13796, 0.00000,32.05872, 1.15388, 0.00000, 0.00000,25.46634, 0.00000, 0.00482,-0.00000, 0.65987, 0.02997,25.28331, 9.98396, 0.65987,2120.62145,-7.46069, 0.00000, 0.00000,
 4.20000,40.07641, 0.00000,-222.10991, 0.00000,-13.55654, 0.00000,32.72709, 3.41699, 0.00000,-0.00000,26.09370, 0.00000, 0.02677,-0.00000, 1.06581, 0.03057,25.87529,10.70509, 1.06581,2120.62145,-7.46069, 0.00000, 0.00000,
 4.30000,43.37518, 0.00000,-236.73002, 0.00000,-10.93205, 0.00000,33.21899, 5.57780, 0.00000,-0.00000,26.33600, 0.00000, 0.04751,-0.00000, 1.44682, 0.03101,26.33296,11.40974, 1.44682,2120.62145,-7.46069, 0.00000, 0.00000,
 4.40000,46.71435, 0.00000,-250.88563, 0.00000,-8.30051, 0.00000,33.53551, 7.61021, 0.00000,-0.00000,26.24306, 0.00000, 0.06682,-0.00000, 1.79920, 0.03128,26.65639,12.09200, 1.79920,2120.62145,-7.46069, 0.00000, 0.00000,
 4.50000,50.07654, 0.00000,-264.46329, 0.00000,-5.69298, 0.00000,33.67980, 9.49423, 0.00000,-0.00000,25.86397, 0.00000, 0.08453,-0.00000, 2.12034, 0.03140,26.84725,12.74640, 2.12034,2120.62145,-7.46069, 0.00000, 0.00000,
 4.60000,53.44474, 0.00000,-277.35958, 0.00000,-3.13567, 0.00000,33.65675,11.21552, 0.00000,-0.00000,25.24624, 0.00000, 0.10055,-0.00000, 2.40856, 0.03135,26.90857,13.36797, 2.40856,2120.62145,-7.46069, 0.00000, 0.00000,
 4.70000,56.80252, 0.00000,-289.48169, 0.00000,-0.65017, 0.00000,33.47263,12.76480, 0.00000,-0.00000,24.43515, 0.00000, 0.11482, 0.00000, 2.66304, 0.03115,26.84449,13.95222, 2.66304,2120.62145,-7.46069, 0.00000, 0.00000,
 4.80000,60.13414, 0.00000,-300.74762, 0.00000, 1.74633, 0.00000,33.13477,14.13740, 0.00000,-0.00000,23.47319, 0.00000, 0.12732, 0.00000, 2.88371, 0.03081,26.66001,14.49521, 2.88371,2120.62145,-7.46069, 0.00000, 0.00000,
 4.90000,63.42462, 0.00000,-311.08627, 0.00000, 4.04075, 0.00000,32.65132,15.33259, 0.00000,-0.00000,22.39968, 0.00000, 0.13806, 0.00000, 3.07115, 0.03034,26.36078,14.99350, 3.07115,2120.62145,-7.46069, 0.00000, 0.00000,
 5.00000,66.65984, 0.00000,-320.43721, 0.00000, 6.22375, 0.00000,32.03094,16.35313,-0.00000,-0.00000,21.25046, 0.00000, 0.14715, 0.00000, 3.22674, 0.02973,25.95292,15.44419, 3.22674,2120.62145,-2.46069, 0.00000, 0.00000,
 5.10000,69.82742, 0.00000,-328.74432, 0.00000, 8.22009, 0.00000,31.30653,17.11909,-0.00000,-0.00000,18.26104,-0.00000, 0.16956, 0.00000, 3.39658, 0.02903,25.46077,15.84457, 3.39658,2120.62145,-2.46069, 0.00000, 0.00000,
 5.20000,72.91818, 0.00000,-335.96165, 0.00000, 9.84844, 0.00000,30.49501,17.49001,-0.00000,-0.00000,14.29615,-0.00000, 0.17280, 0.00000, 3.40294, 0.02825,24.89670,16.19243, 3.40294,2120.62145,-2.46069, 0.00000, 0.00000,
 5.30000,75.92403, 0.00000,-342.08505, 0.00000,11.08519, 0.00000,29.61191,17.48156,-0.00000,-0.00000,10.48723,-0.00000, 0.17057, 0.00000, 3.33550, 0.02740,24.27233,16.48756, 3.33550,2120.62145,-2.46069, 0.00000, 0.00000,
 5.40000,78.83898, 0.00000,-347.13568, 0.00000,11.95690, 0.00000,28.68106,17.14316,-0.00000,-0.00000, 7.00579,-0.00000, 0.16515, 0.00000, 3.21479, 0.02651,23.60565,16.73098, 3.21479,2120.62145,-2.46069, 0.00000, 0.00000,
 5.50000,81.65940, 0.00000,-351.15213, 0.00000,12.49847, 0.00000,27.72499,16.52725,-0.00000,-0.00000, 3.88724,-0.00000, 0.15729, 0.00000, 3.05179, 0.02560,22.91377,16.92457, 3.05179,2120.62145,-2.46069, 0.00000, 0.00000,
 5.60000,84.38380, 0.00000,-354.18662, 0.00000,12.74677, 0.00000,26.76367,15.68459,-0.00000,-0.00000, 1.14110,-0.00000, 0.14751, 0.00000, 2.85570, 0.02468,22.21196,17.07082, 2.85570,2120.62145,-2.46069, 0.00000, 0.00000,
 5.70000,87.01254, 0.00000,-356.30208, 0.00000,12.73909, 0.00000,25.81432,14.66311,-0.00000,-0.00000,-1.23331,-0.00000, 0.13627, 0.00000, 2.63491, 0.02378,21.51353,17.17278, 2.63491,2120.62145,-2.46069, 0.00000, 0.00000,
 5.80000,89.54755, 0.00000,-357.56939, 0.00000,12.51224, 0.00000,24.89149,13.50733,-0.00000,-0.00000,-3.24383,-0.00000, 0.12399, 0.00000, 2.39705, 0.02290,20.82980,17.23386, 2.39705,2120.62145,-2.46069, 0.00000, 0.00000,
 5.90000,91.99212, 0.00000,-358.06499,-0.00000,12.10200, 0.00000,24.00715,12.25800, 0.00000,-0.00000,-4.90407,-0.00000, 0.11104, 0.00000, 2.14902, 0.02206,20.17020,17.25775, 2.14902,2120.62145,-2.46069, 0.00000, 0.00000,
 6.00000,94.35058, 0.00000,-357.86858,-0.00000,11.54250, 0.00000,23.17082,10.95189, 0.00000,-0.00000,-6.23232,-0.00000, 0.09777,-0.00000, 1.89692, 0.02127,19.54237,17.24828, 1.89692,2120.62145,-2.46069, 0.00000, 0.00000,
 6.10000,96.62813, 0.00000,-357.06123,-0.00000,10.86588, 0.00000,22.38975, 9.62162, 0.00000,-0.00000,-7.25052,-0.00000, 0.08447,-0.00000, 1.64606, 0.02053,18.95221,17.20937, 1.64606,2120.62145,-2.46069, 0.00000, 0.00000,
 6.20000,98.83055, 0.00000,-355.72361,-0.00000,10.10191, 0.00000,21.66910, 8.29566, 0.00000,-0.00000,-7.98337,-0.00000, 0.07140,-0.00000, 1.40098, 0.01985,18.40409,17.14490, 1.40098,2120.62145,-2.46069, 0.00000, 0.00000,
 6.30000,100.96407, 0.00000,-353.93457,-0.00000, 9.27783, 0.00000,21.01214, 6.99838, 0.00000,-0.00000,-8.45742,-0.00000, 0.05876,-0.00000, 1.16548, 0.01924,17.90094,17.05867, 1.16548,2120.62145,-2.46069, 0.00000, 0.00000,
 6.40000,103.03516, 0.00000,-351.76987,-0.00000, 8.41813, 0.00000,20.42044, 5.75016, 0.00000,-0.00000,-8.70037,-0.00000, 0.04674,-0.00000, 0.94263, 0.01868,17.44440,16.95434, 0.94263,2120.62145,-2.46069, 0.00000, 0.00000,
 6.50000,105.05034, 0.00000,-349.30123,-0.00000, 7.54452, 0.00000,19.89411, 4.56758, 0.00000,-0.00000,-8.74033,-0.00000, 0.03548,-0.00000, 0.73482, 0.01819,17.03499,16.83536, 0.73482,2120.62145,-2.46069, 0.00000, 0.00000,
 6.60000,107.01612, 0.00000,-346.59555,-0.00000, 6.67590, 0.00000,19.43198, 3.46363, 0.00000,-0.00000,-8.60528,-0.00000, 0.02507,-0.00000, 0.54385, 0.01775,16.67224,16.70495, 0.54385,2120.62145,-2.46069, 0.00000, 0.00000,
 6.70000,108.93880, 0.00000,-343.71431,-0.00000, 5.82839, 0.00000,19.03182, 2.44798, 0.00000,-0.00000,-8.32251,-0.00000, 0.01560,-0.00000, 0.37091, 0.01738,16.35485,16.56608, 0.37091,2120.62145,-2.46069, 0.00000, 0.00000,
 6.80000,110.82445, 0.00000,-340.71320,-0.00000, 5.01544, 0.00000,18.69052, 1.52730, 0.00000,-0.00000,-7.91825,-0.00000, 0.00712,-0.00000, 0.21671, 0.01706,16.08083,16.42144, 0.21671,2120.62145,-2.46069, 0.00000, 0.00000,
 6.90000,112.67874, 0.00000,-337.64189,-0.00000, 4.24796, 0.00000,18.40427, 0.70550, 0.00000,-0.00000,-7.41732,-0.00000,-0.00036,-0.00000, 0.08149, 0.01680,15.84763,16.27341, 0.08149,2120.62145,-2.46069, 0.00000, 0.00000,
 7.00000,114.50699, 0.00000,-334.54394,-0.00000, 3.53443, 0.00000,18.16876,-0.01592, 0.00000,-0.00000,-6.84283,-0.00000,-0.00684,-0.00000,-0.03488, 0.01658,15.65229,16.12410,-0.03488,2120.62145,-2.46069, 0.00000, 0.00000,
 7.10000,116.31403, 0.00000,-331.45686,-0.00000, 2.88113, 0.00000,17.97928,-0.63755, 0.00000,-0.00000,-6.21602,-0.00000,-0.01234,-0.00000,-0.13290, 0.01641,15.49150,15.97531,-0.13290,2120.62145,-2.46069, 0.00000, 0.00000,
 7.20000,118.10422, 0.00000,-328.41225,-0.00000, 2.29233, 0.00000,17.83092,-1.16178, 0.00000,-0.00000,-5.55611,-0.00000,-0.01689,-0.00000,-0.21331, 0.01627,15.36178,15.82857,-0.21331,2120.62145,-2.46069, 0.00000, 0.00000,
 7.30000,119.88142, 0.00000,-325.43603,-0.00000, 1.77044,-0.00000,17.71866,-1.59251, 0.00000,-0.00000,-4.88023,-0.00000,-0.02054,-0.00000,-0.27710, 0.01617,15.25953,15.68512,-0.27710,2120.62145,-2.46069, 0.00000, 0.00000,
 7.40000,121.64899, 0.00000,-322.54880,-0.00000, 1.31631,-0.00000,17.63748,-1.93482, 0.00000,-0.00000,-4.20337,-0.00000,-0.02335,-0.00000,-0.32543, 0.01610,15.18111,15.54596,-0.32543,2120.62145,-2.46069, 0.00000, 0.00000,
 7.50000,123.40979, 0.00000,-319.76616,-0.00000, 0.92937,-0.00000,17.58246,-2.19475, 0.00000,-0.00000,-3.53845,-0.00000,-0.02538,-0.00000,-0.35957, 0.01605,15.12293,15.41185,-0.35957,2120.62145,-2.46069, 0.00000, 0.00000,
 7.60000,125.16619, 0.00000,-317.09915,-0.00000, 0.60786,-0.00000,17.54888,-2.37905, 0.00000,-0.00000,-2.89632,-0.00000,-0.02671,-0.00000,-0.38090, 0.01603,15.08151,15.28331,-0.38090,2120.62145,-2.46069, 0.00000, 0.00000,
 7.70000,126.92013, 0.00000,-314.55468,-0.00000, 0.34905,-0.00000,17.53224,-2.49493, 0.00000,-0.00000,-2.28586,-0.00000,-0.02740,-0.00000,-0.39084, 0.01601,15.05353,15.16067,-0.39084,2120.62145,-2.46069, 0.00000, 0.00000,
 7.80000,128.67306, 0.00000,-312.13600,-0.00000, 0.14939,-0.00000,17.52834,-2.54985, 0.00000,-0.00000,-1.71412,-0.00000,-0.02755,-0.00000,-0.39081, 0.01602,15.03587,15.04410,-0.39081,2120.62145,-2.46069, 0.00000, 0.00000,
 7.90000,130.42609, 0.00000,-309.84313,-0.00000, 0.00475,-0.00000,17.53331,-2.55140, 0.00000,-0.00000,-1.18640,-0.00000,-0.02721,-0.00000,-0.38223, 0.01602,15.02562,14.93359,-0.38223,2120.62145,-2.46069, 0.00000, 0.00000,
 8.00000,132.17990, 0.00000,-307.67335,-0.00000,-0.08948,-0.00000,17.54364,-2.50706, 0.00000,-0.00000,-0.70645,-0.00000,-0.02646,-0.00000,-0.36648, 0.01604,15.02014,14.82901,-0.36648,2120.62145,-2.46069, 0.00000, 0.00000,
 8.10000,133.93489, 0.00000,-305.62164,-0.00000,-0.13821,-0.00000,17.55620,-2.42415, 0.00000,-0.00000,-0.27657,-0.00000,-0.02539,-0.00000,-0.34487, 0.01605,15.01705,14.73012,-0.34487,2120.62145,-2.46069, 0.00000, 0.00000,
 8.20000,135.69113, 0.00000,-303.68106,-0.00000,-0.14650,-0.00000,17.56823,-2.30966, 0.00000,-0.00000, 0.10220,-0.00000,-0.02404,-0.00000,-0.31866, 0.01607,15.01423,14.63659,-0.31866,2120.62145,-2.46069, 0.00000, 0.00000,
 8.30000,137.44844, 0.00000,-301.84320,-0.00000,-0.11947,-0.00000,17.57735,-2.17020, 0.00000,-0.00000, 0.42992,-0.00000,-0.02249,-0.00000,-0.28898, 0.01608,15.00986,14.54801,-0.28898,2120.62145,-2.46069, 0.00000, 0.00000,
 8.40000,139.20643, 0.00000,-300.09853,-0.00000,-0.06218,-0.00000,17.58155,-2.01191, 0.00000,-0.00000, 0.70763,-0.00000,-0.02079,-0.00000,-0.25691, 0.01609,15.00238,14.46392,-0.25691,2120.62145,-2.46069, 0.00000, 0.00000,
 8.50000,140.96453, 0.00000,-298.43676,-0.00000, 0.02045,-0.00000,17.57916,-1.84040, 0.00000,-0.00000, 0.93714,-0.00000,-0.01900,-0.00000,-0.22338, 0.01609,14.99046,14.38383,-0.22338,2120.62145,-2.46069, 0.00000, 0.00000,
 8.60000,142.72200, 0.00000,-296.84709,-0.00000, 0.12372,-0.00000,17.56889,-1.66078, 0.00000,-0.00000, 1.12091,-0.00000,-0.01716,-0.00000,-0.18924, 0.01608,14.97307,14.30721,-0.18924,2120.62145,-2.46069, 0.00000, 0.00000,
 8.70000,144.47801, 0.00000,-295.31856,-0.00000, 0.24320,-0.00000,17.54971,-1.47753, 0.00000,-0.00000, 1.26193,-0.00000,-0.01531,-0.00000,-0.15523, 0.01607,14.94939,14.23354,-0.15523,2120.62145,-2.46069, 0.00000, 0.00000,
 8.80000,146.23162, 0.00000,-293.84022,-0.00000, 0.37479,-0.00000,17.52092,-1.29462, 0.00000,-0.00000, 1.36355,-0.00000,-0.01349,-0.00000,-0.12198, 0.01604,14.91881,14.16229,-0.12198,2120.62145,-2.46069, 0.00000, 0.00000,
 8.90000,147.98186, 0.00000,-292.40138,-0.00000, 0.51472,-0.00000,17.48205,-1.11541, 0.00000,-0.00000, 1.42941,-0.00000,-0.01173,-0.00000,-0.09001, 0.01601,14.88092,14.09294,-0.09001,2120.62145,-2.46069, 0.00000, 0.00000,
 9.00000,149.72769, 0.00000,-290.99175,-0.00000, 0.65961,-0.00000,17.43289,-0.94275, 0.00000,-0.00000, 1.46330,-0.00000,-0.01006,-0.00000,-0.05975, 0.01596,14.83549,14.02500,-0.05975,2120.62145,-2.46069, 0.00000, 0.00000,
 9.10000,151.46809, 0.00000,-289.60160,-0.00000, 0.80644,-0.00000,17.37343,-0.77893, 0.00000,-0.00000, 1.46906,-0.00000,-0.00848,-0.00000,-0.03155, 0.01591,14.78246,13.95800,-0.03155,2120.62145,-2.46069, 0.00000, 0.00000,
 9.20000,153.20204, 0.00000,-288.22184,-0.00000, 0.95261,-0.00000,17.30381,-0.62578, 0.00000,-0.00000, 1.45055,-0.00000,-0.00702,-0.00000,-0.00564, 0.01585,14.72189,13.89150,-0.00564,2120.62145,-2.46069, 0.00000, 0.00000,
 9.30000,154.92852, 0.00000,-286.84413,-0.00000, 1.09587,-0.00000,17.22435,-0.48465, 0.00000,-0.00000, 1.41151,-0.00000,-0.00569,-0.00000, 0.01780, 0.01577,14.65396,13.82510, 0.01780,2120.62145,-2.46069, 0.00000, 0.00000,
 9.40000,156.64659, 0.00000,-285.46093,-0.00000, 1.23435,-0.00000,17.13547,-0.35648, 0.00000,-0.00000, 1.35554,-0.00000,-0.00449,-0.00000, 0.03867, 0.01569,14.57894,13.75843, 0.03867,2120.62145,-2.46069, 0.00000, 0.00000,
 9.50000,158.35532, 0.00000,-284.06550,-0.00000, 1.36653,-0.00000,17.03771,-0.24184, 0.00000,-0.00000, 1.28607,-0.00000,-0.00343,-0.00000, 0.05693, 0.01560,14.49718,13.69118, 0.05693,2120.62145,-2.46069, 0.00000, 0.00000,
 9.60000,160.05386, 0.00000,-282.65197,-0.00000, 1.49122,-0.00000,16.93166,-0.14095, 0.00000,-0.00000, 1.20629,-0.00000,-0.00251,-0.00000, 0.07260, 0.01550,14.40911,13.62305, 0.07260,2120.62145,-2.46069, 0.00000, 0.00000,
 9.70000,161.74140, 0.00000,-281.21529,-0.00000, 1.60754,-0.00000,16.81798,-0.05374, 0.00000,-0.00000, 1.11912,-0.00000,-0.00172,-0.00000, 0.08574, 0.01540,14.31517,13.55380, 0.08574,2120.62145,-2.46069, 0.00000, 0.00000,
 9.80000,163.41722, 0.00000,-279.75121,-0.00000, 1.71489,-0.00000,16.69735, 0.02009, 0.00000,-0.00000, 1.02723,-0.00000,-0.00107,-0.00000, 0.09646, 0.01529,14.21586,13.48324, 0.09646,2120.62145,-2.46069, 0.00000, 0.00000,
 9.90000,165.08066, 0.00000,-278.25628,-0.00000, 1.81291,-0.00000,16.57046, 0.08106, 0.00000,-0.00000, 0.93297,-0.00000,-0.00053,-0.00000, 0.10488, 0.01517,14.11168,13.41119, 0.10488,2120.62145,-2.46069, 0.00000, 0.00000,
10.00000,166.73113, 0.00000,-276.72777,-0.00000, 1.90147,-0.00000,16.43802, 0.12986, 0.00000,-0.00000, 0.83843,-0.00000,-0.00011,-0.00000, 0.11117, 0.01505,14.00312,13.33752, 0.11117,2120.62145,-2.46069, 0.00000, 0.00000,
10.10000,168.36810, 0.00000,-275.16367,-0.00000, 1.98064,-0.00000,16.30071, 0.16732, 0.00000,-0.00000, 0.74539,-0.00000, 0.00020,-0.00000, 0.11549, 0.01492,13.89071,13.26213, 0.11549,2120.62145,-2.46069, 0.00000, 0.00000,
10.20000,169.99113, 0.00000,-273.56256,-0.00000, 2.05065,-0.00000,16.15920, 0.19435, 0.00000,-0.00000, 0.65536,-0.00000, 0.00041,-0.00000, 0.11804, 0.01479,13.77492,13.18496, 0.11804,2120.62145,-2.46069, 0.00000, 0.00000,
10.30000,171.59982, 0.00000,-271.92362,-0.00000, 2.11186,-0.00000,16.01411, 0.21193, 0.00000,-0.00000, 0.56959,-0.00000, 0.00054,-0.00000, 0.11901, 0.01466,13.65622,13.10597, 0.11901,2120.62145,-2.46069, 0.00000, 0.00000,
10.40000,173.19385, 0.00000,-270.24653,-0.00000, 2.16474,-0.00000,15.86604, 0.22109, 0.00000,-0.00000, 0.48905,-0.00000, 0.00059,-0.00000, 0.11859, 0.01452,13.53506,13.02514, 0.11859,2120.62145,-2.46069, 0.00000, 0.00000,
10.50000,174.77295, 0.00000,-268.53141,-0.00000, 2.20987,-0.00000,15.71553, 0.22287, 0.00000,-0.00000, 0.41449,-0.00000, 0.00057,-0.00000, 0.11699, 0.01438,13.41183,12.94247, 0.11699,2120.62145,-2.46069, 0.00000, 0.00000,
10.60000,176.33690, 0.00000,-266.77879,-0.00000, 2.24786,-0.00000,15.56308, 0.21829, 0.00000,-0.00000, 0.34643,-0.00000, 0.00050,-0.00000, 0.11438, 0.01424,13.28692,12.85800, 0.11438,2120.62145,-2.46069, 0.00000, 0.00000,
10.70000,177.88552, 0.00000,-264.98948,-0.00000, 2.27938,-0.00000,15.40913, 0.20837, 0.00000,-0.00000, 0.28521,-0.00000, 0.00038,-0.00000, 0.11096, 0.01410,13.16067,12.77176, 0.11096,2120.62145,-2.46069, 0.00000, 0.00000,
10.80000,179.41868, 0.00000,-263.16459,-0.00000, 2.30513,-0.00000,15.25408, 0.19406, 0.00000,-0.00000, 0.23097,-0.00000, 0.00023,-0.00000, 0.10689, 0.01395,13.03337,12.68381, 0.10689,2120.62145,-2.46069, 0.00000, 0.00000,
10.90000,180.93631, 0.00000,-261.30542,-0.00000, 2.32581,-0.00000,15.09827, 0.17627, 0.00000,-0.00000, 0.18372,-0.00000, 0.00004,-0.00000, 0.10232, 0.01381,12.90529,12.59420, 0.10232,2120.62145,-2.46069, 0.00000, 0.00000,
11.00000,182.43832, 0.00000,-259.41344,-0.00000, 2.34211,-0.00000,14.94198, 0.15585, 0.00000,-0.00000, 0.14333,-0.00000,-0.00016,-0.00000, 0.09742, 0.01366,12.77666,12.50301, 0.09742,2120.62145,-2.46069, 0.00000, 0.00000,
11.10000,183.92470, 0.00000,-257.49022,-0.00000, 2.35470,-0.00000,14.78547, 0.13357, 0.00000,-0.00000, 0.10956,-0.00000,-0.00038,-0.00000, 0.09230, 0.01352,12.64767,12.41032, 0.09230,2120.62145,-2.46069, 0.00000, 0.00000,
11.20000,185.39542, 0.00000,-255.53740,-0.00000, 2.36423,-0.00000,14.62892, 0.11015, 0.00000,-0.00000, 0.08206,-0.00000,-0.00060,-0.00000, 0.08709, 0.01338,12.51847,12.31620, 0.08709,2120.62145,-2.46069, 0.00000, 0.00000,
11.30000,186.85048, 0.00000,-253.55667,-0.00000, 2.37131,-0.00000,14.47250, 0.08619, 0.00000,-0.00000, 0.06044,-0.00000,-0.00083,-0.00000, 0.08189, 0.01323,12.38919,12.22073, 0.08189,2120.62145,-2.46069, 0.00000, 0.00000,
11.40000,188.28992, 0.00000,-251.54968,-0.00000, 2.37650,-0.00000,14.31631, 0.06225, 0.00000,-0.00000, 0.04425,-0.00000,-0.00105,-0.00000, 0.07678, 0.01309,12.25993,12.12400, 0.07678,2120.62145,-2.46069, 0.00000, 0.00000,
11.50000,189.71376, 0.00000,-249.51809,-0.00000, 2.38032,-0.00000,14.16043, 0.03880, 0.00000,-0.00000, 0.03297,-0.00000,-0.00126,-0.00000, 0.07184, 0.01294,12.13075,12.02609, 0.07184,2120.62145,-2.46069, 0.00000, 0.00000,
11.60000,191.12202, 0.00000,-247.46348,-0.00000, 2.38324,-0.00000,14.00490, 0.01623, 0.00000,-0.00000, 0.02611,-0.00000,-0.00146,-0.00000, 0.06712, 0.01280,12.00170,11.92706, 0.06712,2120.62145,-2.46069, 0.00000, 0.00000,
11.70000,192.51475, 0.00000,-245.38738,-0.00000, 2.38567,-0.00000,13.84974,-0.00514, 0.00000,-0.00000, 0.02312,-0.00000,-0.00165,-0.00000, 0.06268, 0.01266,11.87279,11.82700, 0.06268,2120.62145,-2.46069, 0.00000, 0.00000,
11.80000,193.89198, 0.00000,-243.29119,-0.00000, 2.38797,-0.00000,13.69495,-0.02506, 0.00000,-0.00000, 0.02348,-0.00000,-0.00183,-0.00000, 0.05855, 0.01251,11.74403,11.72597, 0.05855,2120.62145,-2.46069, 0.00000, 0.00000,
11.90000,195.25375, 0.00000,-241.17627,-0.00000, 2.39046,-0.00000,13.54050,-0.04333, 0.00000,-0.00000, 0.02668,-0.00000,-0.00198,-0.00000, 0.05475, 0.01237,11.61541,11.62403, 0.05475,2120.62145,-2.46069, 0.00000, 0.00000,
12.00000,196.60009,-0.00000,-239.04382,-0.00000, 2.39339,-0.00000,13.38633,-0.05982, 0.00000,-0.00000, 0.03221,-0.00000,-0.00212,-0.00000, 0.05130, 0.01223,11.48690,11.52125, 0.05130,2120.62145,-2.46069, 0.00000, 0.00000,
12.10000,197.93102,-0.00000,-236.89496,-0.00000, 2.39697,-0.00000,13.23240,-0.07446, 0.00000,-0.00000, 0.03962,-0.00000,-0.00223,-0.00000, 0.04821, 0.01209,11.35847,11.41769, 0.04821,2120.62145,-2.46069, 0.00000, 0.00000,
12.20000,199.24657,-0.00000,-234.73068,-0.00000, 2.40136,-0.00000,13.07863,-0.08721, 0.00000,-0.00000, 0.04846,-0.00000,-0.00233,-0.00000, 0.04547, 0.01195,11.23006,11.31337, 0.04547,2120.62145,-2.46069, 0.00000, 0.00000,
12.30000,200.54675,-0.00000,-232.55187,-0.00000, 2.40669,-0.00000,12.92494,-0.09807, 0.00000,-0.00000, 0.05832,-0.00000,-0.00241,-0.00000, 0.04307, 0.01180,11.10163,11.20836, 0.04307,2120.62145,-2.46069, 0.00000, 0.00000,
12.40000,201.83156,-0.00000,-230.35930,-0.00000, 2.41304,-0.00000,12.77126,-0.10708, 0.00000,-0.00000, 0.06884,-0.00000,-0.00247,-0.00000, 0.04100, 0.01166,10.97312,11.10268, 0.04100,2120.62145,-2.46069, 0.00000, 0.00000,
12.50000,203.10100,-0.00000,-228.15362,-0.00000, 2.42047,-0.00000,12.61750,-0.11432, 0.00000,-0.00000, 0.07969,-0.00000,-0.00252,-0.00000, 0.03924, 0.01152,10.84447,10.99638, 0.03924,2120.62145,-2.46069, 0.00000, 0.00000,
12.60000,204.35506,-0.00000,-225.93542,-0.00000, 2.42898,-0.00000,12.46359,-0.11988, 0.00000,-0.00000, 0.09059,-0.00000,-0.00255,-0.00000, 0.03778, 0.01138,10.71562,10.88947, 0.03778,2120.62145,-2.46069, 0.00000, 0.00000,
12.70000,205.59371,-0.00000,-223.70516,-0.00000, 2.43858,-0.00000,12.30943,-0.12387, 0.00000,-0.00000, 0.10128,-0.00000,-0.00256,-0.00000, 0.03658, 0.01124,10.58652,10.78197, 0.03658,2120.62145,-2.46069, 0.00000, 0.00000,
12.80000,206.81693,-0.00000,-221.46322,-0.00000, 2.44923,-0.00000,12.15495,-0.12641, 0.00000,-0.00000, 0.11156,-0.00000,-0.00256,-0.00000, 0.03562, 0.01110,10.45711,10.67392, 0.03562,2120.62145,-2.46069, 0.00000, 0.00000,
12.90000,208.02469,-0.00000,-219.20991,-0.00000, 2.46087,-0.00000,12.00007,-0.12764, 0.00000,-0.00000, 0.12126,-0.00000,-0.00255,-0.00000, 0.03488, 0.01095,10.32734,10.56531, 0.03488,2120.62145,-2.46069, 0.00000, 0.00000,
13.00000,209.21693,-0.00000,-216.94547,-0.00000, 2.47345,-0.00000,11.84474,-0.12770, 0.00000,-0.00000, 0.13023,-0.00000,-0.00252,-0.00000, 0.03433, 0.01081,10.19715,10.45617, 0.03433,2120.62145,-2.46069, 0.00000, 0.00000,
13.10000,210.39362,-0.00000,-214.67008,-0.00000, 2.48689,-0.00000,11.68888,-0.12674, 0.00000,-0.00000, 0.13838,-0.00000,-0.00249,-0.00000, 0.03394, 0.01067,10.06650,10.34651, 0.03394,2120.62145,-2.46069, 0.00000, 0.00000,
13.20000,211.55469,-0.00000,-212.38386,-0.00000, 2.50110,-0.00000,11.53245,-0.12488, 0.00000,-0.00000, 0.14562,-0.00000,-0.00245,-0.00000, 0.03369, 0.01052, 9.93535,10.23632, 0.03369,2120.62145,-2.46069, 0.00000, 0.00000,
13.30000,212.70009,-0.00000,-210.08690,-0.00000, 2.51599,-0.00000,11.37538,-0.12228, 0.00000,-0.00000, 0.15192,-0.00000,-0.00240,-0.00000, 0.03354, 0.01038, 9.80367,10.12561, 0.03354,2120.62145,-2.46069, 0.00000, 0.00000,
13.40000,213.82974,-0.00000,-207.77923,-0.00000, 2.53145,-0.00000,11.21765,-0.11906, 0.00000,-0.00000, 0.15726,-0.00000,-0.00235,-0.00000, 0.03349, 0.01023, 9.67142,10.01439, 0.03349,2120.62145,-2.46069, 0.00000, 0.00000,
13.50000,214.94359,-0.00000,-205.46089,-0.00000, 2.54740,-0.00000,11.05922,-0.11535, 0.00000,-0.00000, 0.16162,-0.00000,-0.00229,-0.00000, 0.03350, 0.01009, 9.53858, 9.90265, 0.03350,2120.62145,-2.46069, 0.00000, 0.00000,
13.60000,216.04156,-0.00000,-203.13185,-0.00000, 2.56374,-0.00000,10.90005,-0.11127, 0.00000,-0.00000, 0.16502,-0.00000,-0.00223,-0.00000, 0.03355, 0.00994, 9.40513, 9.79040, 0.03355,2120.62145,-2.46069, 0.00000, 0.00000,
13.70000,217.12358,-0.00000,-200.79210,-0.00000, 2.58038,-0.00000,10.74014,-0.10692, 0.00000,-0.00000, 0.16751,-0.00000,-0.00217,-0.00000, 0.03363, 0.00980, 9.27105, 9.67763, 0.03363,2120.62145,-2.46069, 0.00000, 0.00000,
13.80000,218.18956,-0.00000,-198.44163,-0.00000, 2.59722,-0.00000,10.57947,-0.10239, 0.00000,-0.00000, 0.16912,-0.00000,-0.00211,-0.00000, 0.03373, 0.00965, 9.13634, 9.56434, 0.03373,2120.62145,-2.46069, 0.00000, 0.00000,
13.90000,219.23945,-0.00000,-196.08038,-0.00000, 2.61417,-0.00000,10.41802,-0.09779, 0.00000,-0.00000, 0.16990,-0.00000,-0.00205,-0.00000, 0.03382, 0.00950, 9.00098, 9.45053, 0.03382,2120.62145,-2.46069, 0.00000, 0.00000,
14.00000,220.27314,-0.00000,-193.70834,-0.00000, 2.63117,-0.00000,10.25580,-0.09318, 0.00000,-0.00000, 0.16993,-0.00000,-0.00198,-0.00000, 0.03389, 0.00935, 8.86498, 9.33621, 0.03389,2120.62145,-2.46069, 0.00000, 0.00000,
14.10000,221.29058,-0.00000,-191.32548,-0.00000, 2.64814,-0.00000,10.09281,-0.08863, 0.00000,-0.00000, 0.16927,-0.00000,-0.00192,-0.00000, 0.03394, 0.00920, 8.72833, 9.22136, 0.03394,2120.62145,-2.46069, 0.00000, 0.00000,
14.20000,222.29168,-0.00000,-188.93179,-0.00000, 2.66501,-0.00000, 9.92906,-0.08419, 0.00000,-0.00000, 0.16799,-0.00000,-0.00186,-0.00000, 0.03396, 0.00905, 8.59105, 9.10599, 0.03396,2120.62145,-2.46069, 0.00000, 0.00000,
14.30000,223.27637,-0.00000,-186.52724,-0.00000, 2.68172,-0.00000, 9.76455,-0.07990, 0.00000,-0.00000, 0.16616,-0.00000,-0.00180,-0.00000, 0.03394, 0.00890, 8.45313, 8.99010, 0.03394,2120.62145,-2.46069, 0.00000, 0.00000,
14.40000,224.24457,-0.00000,-184.11186,-0.00000, 2.69822,-0.00000, 9.59931,-0.07581, 0.00000,-0.00000, 0.16386,-0.00000,-0.00175,-0.00000, 0.03387, 0.00875, 8.31460, 8.87368, 0.03387,2120.62145,-2.46069, 0.00000, 0.00000,
14.50000,225.19620,-0.00000,-181.68565,-0.00000, 2.71447,-0.00000, 9.43335,-0.07194, 0.00000,-0.00000, 0.16115,-0.00000,-0.00169,-0.00000, 0.03376, 0.00859, 8.17546, 8.75675, 0.03376,2120.62145,-2.46069, 0.00000, 0.00000,
14.60000,226.13121,-0.00000,-179.24866,-0.00000, 2.73044,-0.00000, 9.26669,-0.06830, 0.00000,-0.00000, 0.15810,-0.00000,-0.00164,-0.00000, 0.03359, 0.00844, 8.03574, 8.63929, 0.03359,2120.62145,-2.46069, 0.00000, 0.00000,
14.70000,227.04952,-0.00000,-176.80094,-0.00000, 2.74609,-0.00000, 9.09935,-0.06492, 0.00000,-0.00000, 0.15479,-0.00000,-0.00159,-0.00000, 0.03338, 0.00829, 7.89544, 8.52132, 0.03338,2120.62145,-2.46069, 0.00000, 0.00000,
14.80000,227.95106,-0.00000,-174.34256,-0.00000, 2.76139,-0.00000, 8.93136,-0.06179, 0.00000,-0.00000, 0.15127,-0.00000,-0.00154,-0.00000, 0.03311, 0.00813, 7.75458, 8.40283, 0.03311,2120.62145,-2.46069, 0.00000, 0.00000,
14.90000,228.83577,-0.00000,-171.87359,-0.00000, 2.77633,-0.00000, 8.76274,-0.05892, 0.00000,-0.00000, 0.14759,-0.00000,-0.00150,-0.00000, 0.03279, 0.00798, 7.61319, 8.28383, 0.03279,2120.62145,-2.46069, 0.00000, 0.00000,
15.00000,229.70359,-0.00000,-169.39415,-0.00000, 2.79091,-0.00000, 8.59351,-0.05629, 0.00000,-0.00000, 0.14381,-0.00000,-0.00146,-0.00000, 0.03243, 0.00782, 7.47128, 8.16433, 0.03243,2120.62145,-2.46069, 0.00000, 0.00000,
15.10000,230.55446,-0.00000,-166.90434,-0.00000, 2.80509,-0.00000, 8.42371,-0.05391, 0.00000,-0.00000, 0.13997,-0.00000,-0.00142,-0.00000, 0.03202, 0.00767, 7.32888, 8.04433, 0.03202,2120.62145,-2.46069, 0.00000, 0.00000,
15.20000,231.38831,-0.00000,-164.40429,-0.00000, 2.81890,-0.00000, 8.25335,-0.05175, 0.00000,-0.00000, 0.13612,-0.00000,-0.00138,-0.00000, 0.03157, 0.00751, 7.18599, 7.92383, 0.03157,2120.62145,-2.46069, 0.00000, 0.00000,
15.30000,232.20511,-0.00000,-161.89416,-0.00000, 2.83232,-0.00000, 8.08246,-0.04981, 0.00000,-0.00000, 0.13228,-0.00000,-0.00134,-0.00000, 0.03108, 0.00735, 7.04265, 7.80285, 0.03108,2120.62145,-2.46069, 0.00000, 0.00000,
15.40000,233.00479,-0.00000,-159.37409,-0.00000, 2.84536,-0.00000, 7.91106,-0.04806, 0.00000,-0.00000, 0.12849,-0.00000,-0.00131,-0.00000, 0.03055, 0.00719, 6.89887, 7.68139, 0.03055,2120.62145,-2.46069, 0.00000, 0.00000,
15.50000,233.78730,-0.00000,-156.84426,-0.00000, 2.85802,-0.00000, 7.73919,-0.04649, 0.00000,-0.00000, 0.12477,-0.00000,-0.00128,-0.00000, 0.02999, 0.00704, 6.75467, 7.55946, 0.02999,2120.62145,-2.46069, 0.00000, 0.00000,
15.60000,234.55261,-0.00000,-154.30483,-0.00000, 2.87031,-0.00000, 7.56686,-0.04507, 0.00000,-0.00000, 0.12114,-0.00000,-0.00125,-0.00000, 0.02941, 0.00688, 6.61007, 7.43707, 0.02941,2120.62145,-2.46069, 0.00000, 0.00000,
15.70000,235.30066,-0.00000,-151.75601,-0.00000, 2.88225,-0.00000, 7.39410,-0.04380, 0.00000,-0.00000, 0.11761,-0.00000,-0.00122,-0.00000, 0.02880, 0.00672, 6.46509, 7.31422, 0.02880,2120.62145,-2.46069, 0.00000, 0.00000,
15.80000,236.03141,-0.00000,-149.19798,-0.00000, 2.89384,-0.00000, 7.22092,-0.04264, 0.00000,-0.00000, 0.11420,-0.00000,-0.00119,-0.00000, 0.02817, 0.00656, 6.31975, 7.19093, 0.02817,2120.62145,-2.46069, 0.00000, 0.00000,
15.90000,236.74483,-0.00000,-146.63095,-0.00000, 2.90509,-0.00000, 7.04736,-0.04159, 0.00000,-0.00000, 0.11091,-0.00000,-0.00116,-0.00000, 0.02752, 0.00640, 6.17405, 7.06721, 0.02752,2120.62145,-2.46069, 0.00000, 0.00000,
16.00000,237.44087,-0.00000,-144.05512,-0.00000, 2.91602,-0.00000, 6.87342,-0.04062, 0.00000,-0.00000, 0.10774,-0.00000,-0.00113,-0.00000, 0.02686, 0.00624, 6.02803, 6.94306, 0.02686,2120.62145,-2.46069, 0.00000, 0.00000,
16.10000,238.11950,-0.00000,-141.47070,-0.00000, 2.92665,-0.00000, 6.69914,-0.03971, 0.00000,-0.00000, 0.10470,-0.00000,-0.00111,-0.00000, 0.02618, 0.00608, 5.88169, 6.81850, 0.02618,2120.62145,-2.46069, 0.00000, 0.00000,
16.20000,238.78069,-0.00000,-138.87791,-0.00000, 2.93697,-0.00000, 6.52452,-0.03886, 0.00000,-0.00000, 0.10179,-0.00000,-0.00108,-0.00000, 0.02550, 0.00592, 5.73505, 6.69353, 0.02550,2120.62145,-2.46069, 0.00000, 0.00000,
16.30000,239.42440,-0.00000,-136.27697,-0.00000, 2.94701,-0.00000, 6.34958,-0.03804, 0.00000,-0.00000, 0.09899,-0.00000,-0.00106,-0.00000, 0.02481, 0.00576, 5.58812, 6.56818, 0.02481,2120.62145,-2.46069, 0.00000, 0.00000,
16.40000,240.05060,-0.00000,-133.66810,-0.00000, 2.95677,-0.00000, 6.17434,-0.03724, 0.00000,-0.00000, 0.09631,-0.00000,-0.00103,-0.00000, 0.02412, 0.00560, 5.44092, 6.44243, 0.02412,2120.62145,-2.46069, 0.00000, 0.00000,
16.50000,240.65926,-0.00000,-131.05152,-0.00000, 2.96627,-0.00000, 5.99882,-0.03645, 0.00000,-0.00000, 0.09373,-0.00000,-0.00100,-0.00000, 0.02343, 0.00544, 5.29346, 6.31632, 0.02343,2120.62145,-2.46069, 0.00000, 0.00000,
16.60000,241.25035,-0.00000,-128.42744,-0.00000, 2.97552,-0.00000, 5.82303,-0.03566,-0.00000,-0.00000, 0.09126,-0.00000,-0.00098,-0.00000, 0.02274, 0.00527, 5.14576, 6.18985, 0.02274,2120.62145,-2.46069, 0.00000, 0.00000,
16.70000,241.82385,-0.00000,-125.79609,-0.00000, 2.98453,-0.00000, 5.64699,-0.03486,-0.00000,-0.00000, 0.08887,-0.00000,-0.00095,-0.00000, 0.02205, 0.00511, 4.99781, 6.06303, 0.02205,2120.62145,-2.46069, 0.00000, 0.00000,
16.80000,242.37974,-0.00000,-123.15769,-0.00000, 2.99330,-0.00000, 5.47070,-0.03404,-0.00000,-0.00000, 0.08656,-0.00000,-0.00092,-0.00000, 0.02137, 0.00495, 4.84964, 5.93586, 0.02137,2120.62145,-2.46069, 0.00000, 0.00000,
16.90000,242.91799,-0.00000,-120.51247,-0.00000, 3.00184,-0.00000, 5.29418,-0.03320,-0.00000,-0.00000, 0.08432,-0.00000,-0.00090,-0.00000, 0.02069, 0.00479, 4.70126, 5.80837, 0.02069,2120.62145,-2.46069, 0.00000, 0.00000,
17.00000,243.43857,-0.00000,-117.86062,-0.00000, 3.01016,-0.00000, 5.11745,-0.03233,-0.00000,-0.00000, 0.08214,-0.00000,-0.00087,-0.00000, 0.02001, 0.00463, 4.55268, 5.68056, 0.02001,2120.62145,-2.46069, 0.00000, 0.00000,
17.10000,243.94147,-0.00000,-115.20239,-0.00000, 3.01827,-0.00000, 4.94051,-0.03143,-0.00000,-0.00000, 0.08001,-0.00000,-0.00084,-0.00000, 0.01934, 0.00446, 4.40390, 5.55244, 0.01934,2120.62145,-2.46069, 0.00000, 0.00000,
17.20000,244.42666,-0.00000,-112.53797,-0.00000, 3.02617,-0.00000, 4.76338,-0.03049,-0.00000,-0.00000, 0.07793,-0.00000,-0.00081,-0.00000, 0.01867, 0.00430, 4.25495, 5.42402, 0.01867,2120.62145,-2.46069, 0.00000, 0.00000,
17.30000,244.89414,-0.00000,-109.86758,-0.00000, 3.03386,-0.00000, 4.58607,-0.02952,-0.00000,-0.00000, 0.07587,-0.00000,-0.00079,-0.00000, 0.01801, 0.00414, 4.10581, 5.29531, 0.01801,2120.62145,-2.46069, 0.00000, 0.00000,
17.40000,245.34387,-0.00000,-107.19143,-0.00000, 3.04134,-0.00000, 4.40859,-0.02852,-0.00000,-0.00000, 0.07384,-0.00000,-0.00076, 0.00000, 0.01736, 0.00397, 3.95652, 5.16633, 0.01736,2120.62145,-2.46069, 0.00000, 0.00000,
17.50000,245.77585,-0.00000,-104.50973,-0.00000, 3.04863,-0.00000, 4.23094,-0.02747,-0.00000,-0.00000, 0.07183,-0.00000,-0.00073, 0.00000, 0.01671, 0.00381, 3.80708, 5.03708, 0.01671,2120.62145,-2.46069, 0.00000, 0.00000,
17.60000,246.19006,-0.00000,-101.82269,-0.00000, 3.05571,-0.00000, 4.05316,-0.02639,-0.00000,-0.00000, 0.06983,-0.00000,-0.00070, 0.00000, 0.01607, 0.00365, 3.65749, 4.90757, 0.01607,2120.62145,-2.46069, 0.00000, 0.00000,
17.70000,246.58648,-0.00000,-99.13052,-0.00000, 3.06259,-0.00000, 3.87523,-0.02528,-0.00000,-0.00000, 0.06783,-0.00000,-0.00067, 0.00000, 0.01543, 0.00348, 3.50776, 4.77782, 0.01543,2120.62145,-2.46069, 0.00000, 0.00000,
17.80000,246.96510,-0.00000,-96.43341,-0.00000, 3.06927,-0.00000, 3.69718,-0.02413,-0.00000,-0.00000, 0.06583,-0.00000,-0.00064, 0.00000, 0.01480, 0.00332, 3.35792, 4.64782, 0.01480,2120.62145,-2.46069, 0.00000, 0.00000,
17.90000,247.32591,-0.00000,-93.73157,-0.00000, 3.07576,-0.00000, 3.51901,-0.02295,-0.00000,-0.00000, 0.06382,-0.00000,-0.00061, 0.00000, 0.01417, 0.00316, 3.20796, 4.51760, 0.01417,2120.62145,-2.46069, 0.00000, 0.00000,
18.00000,247.66890,-0.00000,-91.02521,-0.00000, 3.08204,-0.00000, 3.34074,-0.02175,-0.00000,-0.00000, 0.06180,-0.00000,-0.00058, 0.00000, 0.01355, 0.00299, 3.05789, 4.38716, 0.01355,2120.62145,-2.46069, 0.00000, 0.00000,
18.10000,247.99405,-0.00000,-88.31451,-0.00000, 3.08812,-0.00000, 3.16238,-0.02052,-0.00000,-0.00000, 0.05977,-0.00000,-0.00055, 0.00000, 0.01293, 0.00283, 2.90773, 4.25652, 0.01293,2120.62145,-2.46069, 0.00000, 0.00000,
18.20000,248.30137,-0.00000,-85.59968,-0.00000, 3.09399,-0.00000, 2.98394,-0.01927,-0.00000,-0.00000, 0.05773,-0.00000,-0.00052, 0.00000, 0.01231, 0.00267, 2.75748, 4.12567, 0.01231,2120.62145,-2.46069, 0.00000, 0.00000,
18.30000,248.59084,-0.00000,-82.88091,-0.00000, 3.09966,-0.00000, 2.80543,-0.01799,-0.00000,-0.00000, 0.05567,-0.00000,-0.00048, 0.00000, 0.01169, 0.00250, 2.60715, 3.99463, 0.01169,2120.62145,-2.46069, 0.00000, 0.00000,
18.40000,248.86245,-0.00000,-80.15841,-0.00000, 3.10513,-0.00000, 2.62686,-0.01670,-0.00000,-0.00000, 0.05358,-0.00000,-0.00045, 0.00000, 0.01108, 0.00234, 2.45676, 3.86341, 0.01108,2120.62145,-2.46069, 0.00000, 0.00000,
18.50000,249.11621,-0.00000,-77.43236,-0.00000, 3.11038,-0.00000, 2.44824,-0.01540,-0.00000,-0.00000, 0.05148,-0.00000,-0.00042, 0.00000, 0.01047, 0.00217, 2.30631, 3.73203, 0.01047,2120.62145,-2.46069, 0.00000, 0.00000,
18.60000,249.35210,-0.00000,-74.70296,-0.00000, 3.11542,-0.00000, 2.26959,-0.01408,-0.00000, 0.00000, 0.04936,-0.00000,-0.00039, 0.00000, 0.00986, 0.00201, 2.15582, 3.60048, 0.00986,2120.62145,-2.46069, 0.00000, 0.00000,
18.70000,249.57013,-0.00000,-71.97041,-0.00000, 3.12025,-0.00000, 2.09091,-0.01276,-0.00000, 0.00000, 0.04722,-0.00000,-0.00036, 0.00000, 0.00926, 0.00185, 2.00529, 3.46878, 0.00926,2120.62145,-2.46069, 0.00000, 0.00000,
18.80000,249.77028,-0.00000,-69.23490,-0.00000, 3.12486,-0.00000, 1.91223,-0.01142,-0.00000, 0.00000, 0.04506,-0.00000,-0.00033, 0.00000, 0.00865, 0.00168, 1.85473, 3.33693, 0.00865,2120.62145,-2.46069, 0.00000, 0.00000,
18.90000,249.95257,-0.00000,-66.49662,-0.00000, 3.12926,-0.00000, 1.73354,-0.01008,-0.00000, 0.00000, 0.04288,-0.00000,-0.00029, 0.00000, 0.00804, 0.00152, 1.70416, 3.20495, 0.00804,2120.62145,-2.46069, 0.00000, 0.00000,
19.00000,250.11699,-0.00000,-63.75577,-0.00000, 3.13344,-0.00000, 1.55487,-0.00874,-0.00000, 0.00000, 0.04068,-0.00000,-0.00026, 0.00000, 0.00744, 0.00135, 1.55358, 3.07285, 0.00744,2120.62145,-2.46069, 0.00000, 0.00000,
19.10000,250.26355,-0.00000,-61.01254,-0.00000, 3.13740,-0.00000, 1.37622,-0.00740,-0.00000, 0.00000, 0.03847,-0.00000,-0.00023, 0.00000, 0.00683, 0.00119, 1.40301, 2.94064, 0.00683,2120.62145,-2.46069, 0.00000, 0.00000,
19.20000,250.39224,-0.00000,-58.26713,-0.00000, 3.14113,-0.00000, 1.19762,-0.00606,-0.00000, 0.00000, 0.03624,-0.00000,-0.00020, 0.00000, 0.00623, 0.00103, 1.25245, 2.80832, 0.00623,2120.62145,-2.46069, 0.00000, 0.00000,
19.30000,250.50307,-0.00000,-55.51972,-0.00000, 3.14465,-0.00000, 1.01906,-0.00472,-0.00000, 0.00000, 0.03400,-0.00000,-0.00017, 0.00000, 0.00562, 0.00086, 1.10192, 2.67590, 0.00562,2120.62145,-2.46069, 0.00000, 0.00000,
19.40000,250.59605,-0.00000,-52.77051,-0.00000, 3.14793,-0.00000, 0.84057,-0.00338,-0.00000, 0.00000, 0.03174,-0.00000,-0.00013, 0.00000, 0.00501, 0.00070, 0.95143, 2.54339, 0.00501,2120.62145,-2.46069, 0.00000, 0.00000,
19.50000,250.67119,-0.00000,-50.01970,-0.00000, 3.15099,-0.00000, 0.66215,-0.00205,-0.00000, 0.00000, 0.02948,-0.00000,-0.00010, 0.00000, 0.00440, 0.00053, 0.80098, 2.41081, 0.00440,2120.62145,-2.46069, 0.00000, 0.00000,
19.60000,250.72849,-0.00000,-47.26748,-0.00000, 3.15383,-0.00000, 0.48382,-0.00072,-0.00000, 0.00000, 0.02720,-0.00000,-0.00007, 0.00000, 0.00380, 0.00037, 0.65059, 2.27816, 0.00380,2120.62145,-2.46069, 0.00000, 0.00000,
19.70000,250.76796,-0.00000,-44.51405,-0.00000, 3.15643,-0.00000, 0.30560, 0.00061,-0.00000, 0.00000, 0.02492,-0.00000,-0.00004, 0.00000, 0.00319, 0.00021, 0.50027, 2.14545, 0.00319,2120.62145,-2.46069, 0.00000, 0.00000,
19.80000,250.78961,-0.00000,-41.75959,-0.00000, 3.15881,-0.00000, 0.12749, 0.00193,-0.00000, 0.00000, 0.02263,-0.00000,-0.00001, 0.00000, 0.00258, 0.00004, 0.35002, 2.01270, 0.00258,2120.62145,-2.46069, 0.00000, 0.00000,
19.90000,250.79346,-0.00000,-39.00430,-0.00000, 3.16096,-0.00000,-0.05050, 0.00324,-0.00000, 0.00000, 0.02034,-0.00000, 0.00002, 0.00000, 0.00197,-0.00012, 0.19987, 1.87990, 0.00197,2120.62145,-2.46069, 0.00000, 0.00000,
20.00000,250.77951,-0.00000,-36.24839,-0.00000, 3.16288,-0.00000,-0.22834, 0.00455,-0.00000, 0.00000, 0.01804,-0.00000, 0.00006, 0.00000, 0.00136,-0.00028, 0.04982, 1.74707, 0.00136,2120.62145,-2.46069, 0.00000, 0.00000,
>>>>>>> Stashed changes
