
time,npos,epos,alt,phi,theta,psi,vel,alpha,beta,p,q,r,nx,ny,nz,mach,qbar,ps,thrust,ele,ail,rud

 0.00000, 0.00000, 0.00000, 0.00000, 0.00000, 0.00000, 0.00000, 0.00000, 0.00000, 0.00000, 0.00000, 0.00000, 0.00000, 0.00000, 0.00000, 0.00000, 0.00000, 0.00000, 0.00000, 0.00000,2109.41287,-2.24415,-0.09358, 0.09447,
 0.10000, 0.00000, 0.00000, 0.00000, 0.00000, 0.00000, 0.00000, 0.00000, 0.00000, 0.00000, 0.00000, 0.00000, 0.00000, 0.00000, 0.00000, 0.00000, 0.00000, 0.00000, 0.00000, 0.00000,2109.41287,-2.24415,-0.09358, 0.09447,
 0.20000, 0.00000, 0.00000, 0.00000, 0.00000, 0.00000, 0.00000, 0.00000, 0.00000, 0.00000, 0.00000, 0.00000, 0.00000, 0.00000, 0.00000, 0.00000, 0.00000, 0.00000, 0.00000, 0.00000,2109.41287,-2.24415,-0.09358, 0.09447,
 0.30000, 0.00000, 0.00000, 0.00000, 0.00000, 0.00000, 0.00000, 0.00000, 0.00000, 0.00000, 0.00000, 0.00000, 0.00000, 0.00000, 0.00000, 0.00000, 0.00000, 0.00000, 0.00000, 0.00000,2109.41287,-2.24415,-0.09358, 0.09447,
 0.40000, 0.00000, 0.00000, 0.00000, 0.00000, 0.00000, 0.00000, 0.00000, 0.00000, 0.00000, 0.00000, 0.00000, 0.00000, 0.00000, 0.00000, 0.00000, 0.00000, 0.00000, 0.00000, 0.00000,2109.41287,-2.24415,-0.09358, 0.09447,
 0.50000, 0.00000, 0.00000, 0.00000, 0.00000, 0.00000, 0.00000, 0.00000, 0.00000, 0.00000, 0.00000, 0.00000, 0.00000, 0.00000, 0.00000, 0.00000, 0.00000, 0.00000, 0.00000, 0.00000,2109.41287,-2.24415,-0.09358, 0.09447,
 0.60000, 0.00000, 0.00000, 0.00000, 0.00000, 0.00000, 0.00000, 0.00000, 0.00000, 0.00000, 0.00000, 0.00000, 0.00000, 0.00000, 0.00000, 0.00000, 0.00000, 0.00000, 0.00000, 0.00000,2109.41287,-2.24415,-0.09358, 0.09447,
 0.70000, 0.00000, 0.00000, 0.00000, 0.00000, 0.00000, 0.00000, 0.00000, 0.00000, 0.00000, 0.00000, 0.00000, 0.00000, 0.00000, 0.00000, 0.00000, 0.00000, 0.00000, 0.00000, 0.00000,2109.41287,-2.24415,-0.09358, 0.09447,
 0.80000, 0.00000, 0.00000, 0.00000, 0.00000, 0.00000, 0.00000, 0.00000, 0.00000, 0.00000, 0.00000, 0.00000, 0.00000, 0.00000, 0.00000, 0.00000, 0.00000, 0.00000, 0.00000, 0.00000,2109.41287,-2.24415,-0.09358, 0.09447,
 0.90000, 0.00000, 0.00000, 0.00000, 0.00000, 0.00000, 0.00000, 0.00000, 0.00000, 0.00000, 0.00000, 0.00000, 0.00000, 0.00000, 0.00000, 0.00000, 0.00000, 0.00000, 0.00000, 0.00000,2109.41287,-2.24415,-0.09358, 0.09447,
 1.00000, 0.00000, 0.00000, 0.00000, 0.00000, 0.00000, 0.00000, 0.00000, 0.00000, 0.00000, 0.00000, 0.00000, 0.00000, 0.00004, 0.00027, 0.00029, 0.00000, 0.00000, 0.00000,-0.00131,2109.41287, 2.75585, 8.90642, 9.09447,
 1.10000, 0.00049, 0.00698, 0.00642,-0.37846,-0.07249,-0.06371, 0.01379,-0.08981, 0.05423,-9.57245,-1.87978,-1.65075, 0.01047, 0.08403, 0.04903, 0.00001, 0.01029,-0.00031,-0.44565,2109.41287, 2.75585, 8.90642, 9.09447,
 1.20000, 0.00354, 0.03632, 0.02544,-2.05460,-0.40450,-0.35742, 0.05198,-0.42490, 0.24000,-23.38554,-4.77196,-4.22031, 0.00606, 0.08210,-0.04529, 0.00005, 0.03879,-0.00123,-0.55665,2109.41287, 2.75585, 8.90642, 9.09447,
 1.30000, 0.01207, 0.07957, 0.02880,-5.07274,-1.02126,-0.90620, 0.12579,-0.99967, 0.55540,-35.82818,-7.51633,-6.68150,-0.00262, 0.06426,-0.18954, 0.00012, 0.09407,-0.00139,-0.65152,2109.41287, 2.75585, 8.90642, 9.09447,
 1.40000, 0.03039, 0.11441,-0.02950,-9.27378,-1.89717,-1.68852, 0.25020,-1.77438, 0.97992,-46.73203,-9.94571,-8.86465,-0.01369, 0.04067,-0.36414, 0.00024, 0.18765, 0.00142,-0.76626,2109.41287, 2.75585, 8.90642, 9.09447,
 1.50000, 0.06426, 0.10984,-0.20551,-14.52062,-2.99895,-2.67382, 0.43885,-2.70630, 1.48509,-56.48784,-12.03235,-10.72362,-0.02644, 0.01345,-0.55994, 0.00042, 0.33007, 0.00990,-0.90056,2109.41287, 2.75585, 8.90642,-8.90553,
 1.60000, 0.12069, 0.01756,-0.56216,-20.87483,-4.29216,-3.73841, 0.70330,-3.75452, 1.90415,-69.68978,-13.77488,-9.90139,-0.04036,-0.13599,-0.76958, 0.00066, 0.53040, 0.02709,-1.04946,2109.41287, 2.75585, 8.90642,-8.90553,
 1.70000, 0.20777,-0.23291,-1.16685,-28.61081,-5.74272,-4.61115, 1.05316,-4.88113, 1.95322,-83.28127,-15.18124,-7.42550,-0.05500,-0.15105,-0.98638, 0.00099, 0.79622, 0.05624,-1.20752,2109.41287, 2.75585, 8.90642,-8.90553,
 1.80000, 0.33442,-0.69178,-2.08935,-37.55100,-7.31767,-5.22598, 1.49603,-6.05160, 1.59764,-94.00430,-16.26574,-4.85910,-0.06997,-0.12997,-1.20461, 0.00141, 1.13367, 0.10070,-1.37008,2109.41287, 2.75585, 8.90642,-8.90553,
 1.90000, 0.51026,-1.40253,-3.39990,-47.37617,-8.98579,-5.59570, 2.03756,-7.23509, 0.87846,-101.34161,-17.04813,-2.57767,-0.08490,-0.08840,-1.41931, 0.00192, 1.54742, 0.16387,-1.53304,2109.41287, 2.75585, 8.90642,-8.90553,
 2.00000, 0.74535,-2.40677,-5.16761,-57.74779,-10.71802,-5.75896, 2.68159,-8.40466,-0.13706,-105.27600,-17.55225,-0.76789,-0.09948,-0.03161,-1.62630, 0.00253, 2.04075, 0.24906,-1.69282,2109.41287, 2.75585, 8.90642, 0.09447,
 2.10000, 1.05007,-3.73911,-7.45917,-68.25683,-12.48786,-5.81479, 3.43025,-9.53729,-1.29985,-103.85805,-17.80507,-0.72372,-0.11347, 0.09590,-1.82219, 0.00323, 2.61567, 0.35951,-1.84655,2109.41287, 2.75585, 8.90642, 0.09447,
 2.20000, 1.43491,-5.42387,-10.33768,-78.42804,-14.27164,-5.94549, 4.28413,-10.61392,-2.39506,-99.05268,-17.83611,-2.00621,-0.12664, 0.16184,-2.00440, 0.00404, 3.27300, 0.49825,-1.99201,2109.41287, 2.75585, 8.90642, 0.09447,
 2.30000, 1.91038,-7.49571,-13.86186,-88.05986,-16.04872,-6.23629, 5.24245,-11.61934,-3.33018,-92.99533,-17.67618,-3.86825,-0.13883, 0.21133,-2.17088, 0.00494, 4.01253, 0.66810,-2.12727,2109.41287, 2.75585, 8.90642, 0.09447,
 2.40000, 2.48682,-9.99251,-18.08539,-97.07510,-17.80154,-6.73448, 6.30335,-12.54210,-4.05309,-86.50305,-17.35618,-6.11748,-0.14993, 0.24835,-2.32024, 0.00593, 4.83317, 0.87167,-2.25085,2109.41287, 2.75585, 8.90642, 0.09447,
 2.50000, 3.17437,-12.95282,-23.05643,-105.46358,-19.51563,-7.47211, 7.46403,-13.37420,-4.53158,-80.17245,-16.90630,-8.62026,-0.15985, 0.27223,-2.45162, 0.00702, 5.73314, 1.11126,-2.36173,2109.41287, 2.75585, 8.90642, 0.09447,
 2.60000, 3.98284,-16.41595,-28.81735,-113.26868,-21.17944,-8.46797, 8.72102,-14.11083,-4.75136,-74.50323,-16.35535,-11.24376,-0.16857, 0.28247,-2.56468, 0.00820, 6.71008, 1.38892,-2.45927,2109.41287, 2.75585, 8.90642, 0.09447,
 2.70000, 4.92165,-20.42231,-35.40465,-120.57794,-22.78423,-9.72752,10.07030,-14.75001,-4.71540,-69.89692,-15.73033,-13.85605,-0.17606, 0.27935,-2.65954, 0.00947, 7.76122, 1.70641,-2.54321,2109.41287, 2.75585, 8.90642, 0.09447,
 2.80000, 5.99983,-25.01384,-42.84896,-127.51257,-24.32386,-11.24334,11.50751,-15.29223,-4.44264,-66.64476,-15.05593,-16.33336,-0.18236, 0.26397,-2.73669, 0.01082, 8.88345, 2.06520,-2.61362,2109.41287, 2.75585, 8.90642, 0.09447,
 2.90000, 7.22594,-30.23432,-51.17519,-134.21615,-25.79451,-12.99627,13.02807,-15.74011,-3.96581,-64.92014,-14.35436,-18.56731,-0.18750, 0.23812,-2.79690, 0.01224,10.07352, 2.46650,-2.67082,2109.41287, 2.75585, 8.90642, 0.09447,
 3.00000, 8.60807,-36.12959,-60.40282,-140.84286,-27.19447,-14.95736,14.62735,-16.09797,-3.32853,-64.77795,-13.64505,-20.47082,-0.19163, 0.20399,-2.84183, 0.01374,11.32806, 2.91125,-2.71273,2109.41287,-7.24415,-9.09358, 0.09447,
 3.10000,10.15290,-42.75121,-70.55906,-146.62747,-28.37886,-17.05282,16.27315,-16.19193,-2.55649,-42.74814,-9.18530,-21.02025,-0.21554, 0.11814,-2.96913, 0.01528,12.62311, 3.40075,-1.85688,2109.41287,-7.24415,-9.09358, 0.09447,
 3.20000,11.86345,-50.15336,-81.66594,-149.52557,-28.97526,-19.14554,17.93967,-15.71778,-1.61001,-12.59665,-2.72510,-20.61791,-0.20885, 0.06680,-2.79741, 0.01683,13.93949, 3.93607,-1.65740,2109.41287,-7.24415,-9.09358, 0.09447,
 3.30000,13.74063,-58.36972,-93.67247,-149.68905,-28.93636,-21.17458,19.60007,-14.69432,-0.53980,11.34103, 3.40220,-19.76511,-0.19280, 0.01313,-2.51447, 0.01838,15.25676, 4.51476,-1.48081,2109.41287,-7.24415,-9.09358, 0.09447,
 3.40000,15.78212,-67.41874,-106.48851,-147.79655,-28.31760,-23.09641,21.22029,-13.20924, 0.57111,28.50009, 8.85230,-18.47763,-0.17127,-0.04343,-2.16088, 0.01989,16.54886, 5.13245,-1.25606,2109.41287,-7.24415,-9.09358, 0.09447,
 3.50000,17.98231,-77.30821,-120.00060,-144.46837,-27.19061,-24.86692,22.76941,-11.35645, 1.64038,40.03020,13.56273,-16.74976,-0.14577,-0.09894,-1.75642, 0.02133,17.79193, 5.78370,-0.98471,2109.41287,-7.24415,-9.09358, 0.09447,
 3.60000,20.33274,-88.03747,-134.07879,-140.20001,-25.62995,-26.44308,24.22105,-9.22632, 2.59453,47.20273,17.52699,-14.61093,-0.11743,-0.14937,-1.31695, 0.02268,18.96540, 6.46223,-0.67707,2109.41287,-7.24415,-9.09358, 0.09447,
 3.70000,22.82254,-99.59891,-148.58180,-135.36426,-23.70953,-27.78668,25.55349,-6.90306, 3.37319,51.19738,20.76209,-12.12656,-0.08723,-0.19138,-0.85660, 0.02392,20.05216, 7.16123,-0.34397,2109.41287,-7.24415,-9.09358, 0.09447,
 3.80000,25.43889,-111.97903,-163.36155,-130.22274,-21.50075,-28.86756,26.74952,-4.46341, 3.93187,53.06696,23.30089,-9.39038,-0.05608,-0.22248,-0.38800, 0.02502,21.03839, 7.87358, 0.00439,2109.41287,-7.24415,-9.09358, 0.09447,
 3.90000,28.16746,-125.15907,-178.26724,-124.93957,-19.07108,-29.66598,27.79615,-1.97580, 4.24359,53.72401,25.18808,-6.51502,-0.02475,-0.24116, 0.07781, 0.02599,21.91345, 8.59199, 0.35875,2109.41287,-7.24415,-9.09358, 0.09447,
 4.00000,30.99283,-139.11550,-193.14893,-119.59597,-16.48309,-30.17406,28.68430, 0.50000, 4.29936,53.93103,26.47682,-3.62217, 0.00606,-0.24686, 0.53139, 0.02680,22.66962, 9.30925, 0.71093,2109.41287,-7.24415,-9.09358, 0.09447,
 4.10000,33.89885,-153.82022,-207.86056,-114.20567,-13.79371,-30.39617,29.40843, 2.91308, 4.10752,54.29371,27.22603,-0.83318, 0.03577,-0.23995, 0.96489, 0.02746,23.30185,10.01831, 1.05388,2109.41287,-7.24415,-9.09358, 0.09447,
 4.20000,36.86897,-169.24087,-222.26253,-108.73076,-11.05380,-30.34847,29.96610, 5.22120, 3.69208,55.25844,27.49796, 1.73968, 0.06392,-0.22162, 1.37198, 0.02796,23.80747,10.71244, 1.38168,2109.41287,-7.24415,-9.09358, 0.09447,
 4.30000,39.88653,-185.34089,-236.22366,-103.09734,-8.30791,-30.05760,30.35765, 7.39050, 3.09016,57.11515,27.35620, 4.00052, 0.09013,-0.19377, 1.74782, 0.02830,24.18594,11.38533, 1.68955,2109.41287,-7.24415,-9.09358, 0.09447,
 4.40000,42.93505,-202.07982,-249.62285,-97.21073,-5.59424,-29.55878,30.58570, 9.39502, 2.34886,60.00579,26.86398, 5.87555, 0.11414,-0.15878, 2.08891, 0.02849,24.43847,12.03113, 1.97380,2109.41287,-7.24415,-9.09358, 0.09447,
 4.50000,45.99837,-219.41346,-262.35014,-90.96936,-2.94474,-28.89334,30.65481,11.21608, 1.52159,63.93831,26.08276, 7.31697, 0.13575,-0.11939, 2.39296, 0.02854,24.56782,12.64455, 2.23174,2109.41287,-7.24415,-9.09358, 0.09447,
 4.60000,49.06091,-237.29424,-274.30750,-84.27705,-0.38536,-28.10600,30.57108,12.84169, 0.66438,68.80562,25.07113, 8.30487, 0.15485,-0.07844, 2.65884, 0.02843,24.57795,13.22087, 2.46160,2109.41287,-7.24415,-9.09358, 0.09447,
 4.70000,52.10774,-255.67155,-285.40917,-77.05321, 2.06364,-27.24209,30.34178,14.26573,-0.16786,74.40844,23.88390, 8.84717, 0.17141,-0.03870, 2.88633, 0.02820,24.47380,13.75594, 2.66247,2109.41287,-7.24415,-9.09358, 0.09447,
 4.80000,55.12469,-274.49222,-295.58175,-69.24054, 4.38725,-26.34481,29.97507,15.48731,-0.92472,80.48077,22.57151, 8.97776, 0.18544,-0.00273, 3.07608, 0.02783,24.26103,14.24623, 2.83415,2109.41287,-7.24415,-9.09358, 0.09447,
 4.90000,58.09846,-293.70098,-304.76399,-60.81024, 6.57529,-25.45280,29.47965,16.50993,-1.56320,86.71668,21.17951, 8.75312, 0.19701, 0.02733, 3.22943, 0.02734,23.94579,14.68879, 2.97709,2109.41287,-7.24415,-9.09358, 0.09447,
 5.00000,61.01663,-313.24102,-312.90635,-51.76444, 8.62186,-24.59810,28.86454,17.34082,-2.04997,92.79672,19.74841, 8.24763, 0.20628, 0.04991, 3.34858, 0.02675,23.53452,15.08122, 3.09097,2109.41287,-2.24415,-0.09358, 0.09447,
 5.10000,63.86817,-333.05274,-319.96400,-42.59551,10.45237,-23.82326,28.15262,17.90039,-2.37559,86.70644,16.43382, 7.06696, 0.22375, 0.08699, 3.48411, 0.02606,23.04410,15.42138, 2.73563,2109.41287,-2.24415,-0.09358, 0.09447,
 5.20000,66.64455,-353.07582,-325.90266,-34.45841,11.88098,-23.19105,27.36352,18.04570,-2.57711,75.13244,12.13395, 5.52219, 0.22435, 0.09644, 3.44733, 0.02530,22.48905,15.70761, 2.68948,2109.41287,-2.24415,-0.09358, 0.09447,
 5.30000,69.33897,-373.26125,-330.73193,-27.42421,12.88656,-22.71577,26.51725,17.79668,-2.65835,65.13828, 8.03509, 3.96000, 0.21885, 0.09824, 3.33432, 0.02449,21.88438,15.94037, 2.63733,2109.41287,-2.24415,-0.09358, 0.09447,
 5.40000,71.94688,-393.56892,-334.48763,-21.30560,13.50108,-22.39429,25.63711,17.20866,-2.61637,56.99678, 4.32551, 2.46535, 0.20933, 0.09471, 3.16771, 0.02365,21.24780,16.12138, 2.54540,2109.41287,-2.24415,-0.09358, 0.09447,
 5.50000,74.46598,-413.96566,-337.22313,-15.94025,13.76613,-22.21716,24.74450,16.34066,-2.45502,50.21425, 1.04934, 1.08989, 0.19670, 0.08620, 2.95973, 0.02280,20.59566,16.25323, 2.41625,2109.41287,-2.24415,-0.09358, 0.09447,
 5.60000,76.89599,-434.42410,-339.00517,-11.21565,13.72585,-22.17014,23.85811,15.25018,-2.18587,44.31730,-1.78032,-0.12164, 0.18168, 0.07318, 2.72068, 0.02196,19.94237,16.33912, 2.25690,2109.41287,-2.24415,-0.09358, 0.09447,
 5.70000,79.23834,-454.92194,-339.91055,-7.06080,13.42492,-22.23481,22.99384,13.99163,-1.82710,38.94539,-4.16489,-1.13141, 0.16492, 0.05643, 2.45996, 0.02114,19.30031,16.38275, 2.07461,2109.41287,-2.24415,-0.09358, 0.09447,
 5.80000,81.49593,-475.44128,-340.02310,-3.43476,12.90732,-22.38942,22.16481,12.61542,-1.40194,33.85073,-6.11621,-1.91107, 0.14702, 0.03698, 2.18609, 0.02035,18.67983,16.38818, 1.87627,2109.41287,-2.24415,-0.09358, 0.09447,
 5.90000,83.67283,-495.96804,-339.43090,-0.31608,12.21546,-22.60995,21.38152,11.16735,-0.93680,28.88520,-7.65431,-2.44384, 0.12851, 0.01606, 1.90669, 0.01961,18.08932,16.35963, 1.66824,2109.41287,-2.24415,-0.09358, 0.09447,
 6.00000,85.77403,-516.49145,-338.22386, 2.30630,11.38937,-22.87131,20.65198, 9.68828,-0.45941,23.98472,-8.80544,-2.72569, 0.10987,-0.00504, 1.62844, 0.01892,17.53533,16.30146, 1.45623,2109.41287,-2.24415,-0.09358, 0.09447,
 6.10000,87.80521,-537.00360,-336.49154, 4.44053,10.46624,-23.14869,19.98187, 8.21387, 0.00304,19.15274,-9.60045,-2.76544, 0.09152,-0.02507, 1.35706, 0.01829,17.02268,16.21797, 1.24527,2109.41287,-2.24415,-0.09358, 0.09447,
 6.20000,89.77251,-557.49895,-334.32133, 6.09766, 9.48001,-23.41873,19.37482, 6.77462, 0.42562,14.44334,-10.07340,-2.58402, 0.07379,-0.04286, 1.09729, 0.01772,16.55461,16.11337, 1.03966,2109.41287,-2.24415,-0.09358, 0.09447,
 6.30000,91.68234,-577.97392,-331.79688, 7.29575, 8.46110,-23.66075,18.83257, 5.39593, 0.78707, 9.94461,-10.26026,-2.21285, 0.05697,-0.05744, 0.85297, 0.01721,16.13292,15.99170, 0.84299,2109.41287,-2.24415,-0.09358, 0.09447,
 6.40000,93.54119,-598.42646,-328.99691, 8.06247, 7.43627,-23.85766,18.35521, 4.09829, 1.07093, 5.76280,-10.19786,-1.69166, 0.04130,-0.06806, 0.62707, 0.01677,15.75819,15.85675, 0.65816,2109.41287,-2.24415,-0.09358, 0.09447,
 6.50000,95.35550,-618.85568,-325.99421, 8.43602, 6.42861,-23.99664,17.94145, 2.89756, 1.26633, 2.00788,-9.92300,-1.06577, 0.02693,-0.07428, 0.42173, 0.01638,15.42986,15.71202, 0.48740,2109.41287,-2.24415,-0.09358, 0.09447,
 6.60000,97.13152,-639.26146,-322.85497, 8.46492, 5.45755,-24.06959,17.58880, 1.80529, 1.36829,-1.21905,-9.47166,-0.38324, 0.01399,-0.07592, 0.23838, 0.01605,15.14650,15.56072, 0.33234,2109.41287,-2.24415,-0.09358, 0.09447,
 6.70000,98.87518,-659.64415,-319.63831, 8.20652, 4.53901,-24.07324,17.29382, 0.82911, 1.37770,-3.83595,-8.87838, 0.30810, 0.00254,-0.07309, 0.07776, 0.01578,14.90587,15.40569, 0.19401,2109.41287,-2.24415,-0.09358, 0.09447,
 6.80000,100.59206,-680.00426,-316.39602, 7.72473, 3.68552,-24.00899,17.05230,-0.02688, 1.30096,-5.78746,-8.17575, 0.96344,-0.00738,-0.06620,-0.05998, 0.01556,14.70515,15.24942, 0.07297,2109.41287,-2.24415,-0.09358, 0.09447,
 6.90000,102.28727,-700.34227,-313.17255, 7.08712, 2.90649,-23.88248,16.85948,-0.76167, 1.14922,-7.04965,-7.39403, 1.54344,-0.01578,-0.05586,-0.17518, 0.01538,14.54103,15.09405,-0.03070,2109.41287,-2.24415,-0.09358, 0.09447,
 7.00000,103.96541,-720.65840,-310.00508, 6.36168, 2.20842,-23.70293,16.71023,-1.37697, 0.93742,-7.63207,-6.56085, 2.01623,-0.02270,-0.04287,-0.26862, 0.01524,14.40989,14.94139,-0.11727,2109.41287,-2.24415,-0.09358, 0.09447,
 7.10000,105.63058,-740.95254,-306.92379, 5.61359, 1.59520,-23.48233,16.59915,-1.87673, 0.68317,-7.57705,-5.70104, 2.35881,-0.02821,-0.02814,-0.34143, 0.01514,14.30789,14.79288,-0.18738,2109.41287,-2.24415,-0.09358, 0.09447,
 7.20000,107.28633,-761.22412,-303.95220, 4.90214, 1.06837,-23.23449,16.52082,-2.26677, 0.40546,-6.95674,-4.83649, 2.55792,-0.03238,-0.01265,-0.39501, 0.01508,14.23109,14.64966,-0.24189,2109.41287,-2.24415,-0.09358, 0.09447,
 7.30000,108.93566,-781.47216,-301.10766, 4.27803, 0.62743,-22.97406,16.46983,-2.55443, 0.12345,-5.86808,-3.98615, 2.61015,-0.03532, 0.00264,-0.43098, 0.01503,14.17554,14.51256,-0.28190,2109.41287,-2.24415,-0.09358, 0.09447,
 7.40000,110.58103,-801.69524,-298.40182, 3.78130, 0.27013,-22.71555,16.44092,-2.74811,-0.14474,-4.42638,-3.16605, 2.52151,-0.03714, 0.01682,-0.45110, 0.01501,14.13739,14.38215,-0.30866,2109.41287,-2.24415,-0.09358, 0.09447,
 7.50000,112.22441,-821.89157,-295.84122, 3.43994,-0.00723,-22.47242,16.42908,-2.85706,-0.38307,-2.75793,-2.38933, 2.30646,-0.03796, 0.02911,-0.45722, 0.01500,14.11291,14.25873,-0.32350,2109.41287,-2.24415,-0.09358, 0.09447,
 7.60000,113.86726,-842.05914,-293.42791, 3.26923,-0.20953,-22.25632,16.42962,-2.89098,-0.57844,-0.99215,-1.66643, 1.98646,-0.03791, 0.03888,-0.45121, 0.01501,14.09861,14.14242,-0.32785,2109.41287,-2.24415,-0.09358, 0.09447,
 7.70000,115.51060,-862.19575,-291.16001, 3.27185,-0.34258,-22.07650,16.43821,-2.85979,-0.72132, 0.74596,-1.00523, 1.58814,-0.03710, 0.04571,-0.43495, 0.01502,14.09123,14.03311,-0.32312,2109.41287,-2.24415,-0.09358, 0.09447,
 7.80000,117.15504,-882.29921,-289.03232, 3.43874,-0.41282,-21.93932,16.45094,-2.77342,-0.80610, 2.34293,-0.41119, 1.14137,-0.03567, 0.04935,-0.41028, 0.01504,14.08780,13.93056,-0.31076,2109.41287,-2.24415,-0.09358, 0.09447,
 7.90000,118.80081,-902.36742,-287.03695, 3.75055,-0.42717,-21.84809,16.46433,-2.64155,-0.83117, 3.70269, 0.11237, 0.67716,-0.03374, 0.04979,-0.37892, 0.01505,14.08567,13.83439,-0.29212,2109.41287,-2.24415,-0.09358, 0.09447,
 8.00000,120.44783,-922.39850,-285.16383, 4.17964,-0.39274,-21.80304,16.47535,-2.47347,-0.79882, 4.75117, 0.56411, 0.22563,-0.03141, 0.04720,-0.34254, 0.01507,14.08251,13.74411,-0.26853,2109.41287,-2.24415,-0.09358, 0.09447,
 8.10000,122.09572,-942.39090,-283.40128, 4.69242,-0.31673,-21.80148,16.48143,-2.27793,-0.71479, 5.43930, 0.94438,-0.18578,-0.02879, 0.04193,-0.30263, 0.01508,14.07632,13.65916,-0.24122,2109.41287,-2.24415,-0.09358, 0.09447,
 8.20000,123.74388,-962.34343,-281.73646, 5.25192,-0.20619,-21.83819,16.48044,-2.06305,-0.58771, 5.74427, 1.25506,-0.53385,-0.02598, 0.03446,-0.26058, 0.01508,14.06544,13.57892,-0.21131,2109.41287,-2.24415,-0.09358, 0.09447,
 8.30000,125.39151,-982.25538,-280.15585, 5.82034,-0.06794,-21.90587,16.47070,-1.83620,-0.42838, 5.66922, 1.49922,-0.80080,-0.02307, 0.02538,-0.21760, 0.01507,14.04851,13.50274,-0.17983,2109.41287,-2.24415,-0.09358, 0.09447,
 8.40000,127.03768,-1002.12648,-278.64563, 6.36153, 0.09157,-21.99574,16.45093,-1.60398,-0.24897, 5.24121, 1.68099,-0.97505,-0.02013, 0.01536,-0.17477, 0.01506,14.02448,13.42995,-0.14769,2109.41287,-2.24415,-0.09358, 0.09447,
 8.50000,128.68133,-1021.95692,-277.19199, 6.84319, 0.26634,-22.09821,16.42020,-1.37216,-0.06214, 4.50803, 1.80527,-1.05152,-0.01723, 0.00506,-0.13299, 0.01503,13.99261,13.35989,-0.11567,2109.41287,-2.24415,-0.09358, 0.09447,
 8.60000,130.32134,-1041.74732,-275.78150, 7.23868, 0.45089,-22.20348,16.37798,-1.14568, 0.11976, 3.53380, 1.87754,-1.03161,-0.01443,-0.00488,-0.09302, 0.01499,13.95238,13.29191,-0.08444,2109.41287,-2.24415,-0.09358, 0.09447,
 8.70000,131.95654,-1061.49865,-274.40127, 7.52831, 0.64031,-22.30219,16.32401,-0.92868, 0.28545, 2.39393, 1.90367,-0.92265,-0.01178,-0.01386,-0.05547, 0.01494,13.90353,13.22539,-0.05457,2109.41287,-2.24415,-0.09358, 0.09447,
 8.80000,133.58575,-1081.21218,-273.03920, 7.70023, 0.83029,-22.38602,16.25832,-0.72447, 0.42536, 1.16963, 1.88972,-0.73710,-0.00930,-0.02141,-0.02081, 0.01489,13.84600,13.15974,-0.02649,2109.41287,-2.24415,-0.09358, 0.09447,
 8.90000,135.20782,-1100.88936,-271.68413, 7.75063, 1.01713,-22.44806,16.18115,-0.53564, 0.53216,-0.05752, 1.84179,-0.49146,-0.00703,-0.02716, 0.01063, 0.01481,13.77992,13.09443,-0.00056,2109.41287,-2.24415,-0.09358, 0.09447,
 9.00000,136.82161,-1120.53176,-270.32592, 7.68352, 1.19772,-22.48325,16.09295,-0.36403, 0.60100,-1.21073, 1.76587,-0.20496,-0.00499,-0.03086, 0.03863, 0.01473,13.70556,13.02897, 0.02297,2109.41287,-2.24415,-0.09358, 0.09447,
 9.10000,138.42606,-1140.14093,-268.95554, 7.51001, 1.36956,-22.48851,15.99433,-0.21087, 0.62976,-2.22250, 1.66772, 0.10177,-0.00318,-0.03244, 0.06307, 0.01464,13.62331,12.96292, 0.04395,2109.41287,-2.24415,-0.09358, 0.09447,
 9.20000,140.02016,-1159.71835,-267.56511, 7.24718, 1.53070,-22.46285,15.88600,-0.07679, 0.61893,-3.03832, 1.55276, 0.40810,-0.00161,-0.03194, 0.08394, 0.01454,13.53367,12.89590, 0.06229,2109.41287,-2.24415,-0.09358, 0.09447,
 9.30000,141.60297,-1179.26532,-266.14788, 6.91661, 1.67972,-22.40729,15.76876, 0.03811, 0.57149,-3.61924, 1.42601, 0.69471,-0.00029,-0.02952, 0.10129, 0.01443,13.43718,12.82760, 0.07796,2109.41287,-2.24415,-0.09358, 0.09447,
 9.40000,143.17364,-1198.78292,-264.69827, 6.54282, 1.81566,-22.32470,15.64346, 0.13414, 0.49252,-3.94338, 1.29200, 0.94468, 0.00081,-0.02547, 0.11527, 0.01432,13.33447,12.75773, 0.09102,2109.41287,-2.24415,-0.09358, 0.09447,
 9.50000,144.73142,-1218.27192,-263.21175, 6.15150, 1.93801,-22.21945,15.51099, 0.21201, 0.38879,-4.00624, 1.15475, 1.14441, 0.00168,-0.02016, 0.12604, 0.01420,13.22615,12.68608, 0.10154,2109.41287,-2.24415,-0.09358, 0.09447,
 9.60000,146.27563,-1237.73282,-261.68484, 5.76788, 2.04662,-22.09711,15.37222, 0.27272, 0.26820,-3.81991, 1.01777, 1.28429, 0.00234,-0.01399, 0.13384, 0.01407,13.11287,12.61249, 0.10966,2109.41287,-2.24415,-0.09358, 0.09447,
 9.70000,147.80568,-1257.16578,-260.11501, 5.41512, 2.14167,-21.96397,15.22802, 0.31749, 0.13924,-3.41135, 0.88398, 1.35904, 0.00282,-0.00741, 0.13892, 0.01393,12.99526,12.53683, 0.11554,2109.41287,-2.24415,-0.09358, 0.09447,
 9.80000,149.32108,-1276.57065,-258.50062, 5.11308, 2.22361,-21.82666,15.07922, 0.34772, 0.01043,-2.81972, 0.75583, 1.36777, 0.00312,-0.00087, 0.14155, 0.01380,12.87392,12.45902, 0.11936,2109.41287,-2.24415,-0.09358, 0.09447,
 9.90000,150.82140,-1295.94704,-256.84081, 4.87719, 2.29309,-21.69166,14.92658, 0.36494,-0.11022,-2.09325, 0.63521, 1.31377, 0.00327, 0.00523, 0.14203, 0.01365,12.74944,12.37902, 0.12132,2109.41287,-2.24415,-0.09358, 0.09447,
10.00000,152.30629,-1315.29430,-255.13541, 4.71781, 2.35095,-21.56495,14.77084, 0.37070,-0.21572,-1.28566, 0.52356, 1.20408, 0.00328, 0.01052, 0.14064, 0.01351,12.62236,12.29682, 0.12163,2109.41287,-2.24415,-0.09358, 0.09447,
10.10000,153.77548,-1334.61162,-253.38486, 4.63987, 2.39814,-21.45162,14.61265, 0.36660,-0.30040,-0.45245, 0.42189, 1.04877, 0.00318, 0.01473, 0.13767, 0.01336,12.49316,12.21245, 0.12050,2109.41287,-2.24415,-0.09358, 0.09447,
10.20000,155.22876,-1353.89811,-251.59011, 4.64291, 2.43568,-21.35565,14.45259, 0.35420,-0.36025, 0.35264, 0.33080, 0.86018, 0.00299, 0.01765, 0.13340, 0.01322,12.36229,12.12595, 0.11816,2109.41287,-2.24415,-0.09358, 0.09447,
10.30000,156.66596,-1373.15281,-249.75252, 4.72141, 2.46466,-21.27970,14.29118, 0.33501,-0.39303, 1.08092, 0.25057, 0.65197, 0.00272, 0.01918, 0.12810, 0.01307,12.23015,12.03738, 0.11479,2109.41287,-2.24415,-0.09358, 0.09447,
10.40000,158.08696,-1392.37480,-247.87379, 4.86548, 2.48615,-21.22503,14.12887, 0.31045,-0.39832, 1.69144, 0.18118, 0.43821, 0.00240, 0.01931, 0.12202, 0.01292,12.09709,11.94683, 0.11062,2109.41287,-2.24415,-0.09358, 0.09447,
10.50000,159.49171,-1411.56322,-245.95588, 5.06169, 2.50125,-21.19151,13.96604, 0.28183,-0.37745, 2.15309, 0.12238, 0.23247, 0.00203, 0.01812, 0.11537, 0.01277,11.96339,11.85440, 0.10583,2109.41287,-2.24415,-0.09358, 0.09447,
10.60000,160.88017,-1430.71738,-244.00092, 5.29419, 2.51097,-21.17771,13.80299, 0.25038,-0.33327, 2.44595, 0.07374, 0.04701, 0.00163, 0.01576, 0.10837, 0.01261,11.82931,11.76017, 0.10058,2109.41287,-2.24415,-0.09358, 0.09447,
10.70000,162.25231,-1449.83673,-242.01116, 5.54580, 2.51631,-21.18106,13.63999, 0.21716,-0.26993, 2.56183, 0.03465,-0.10792, 0.00122, 0.01245, 0.10120, 0.01246,11.69505,11.66427, 0.09505,2109.41287,-2.24415,-0.09358, 0.09447,
10.80000,163.60817,-1468.92093,-239.98892, 5.79915, 2.51819,-21.19808,13.47724, 0.18314,-0.19250, 2.50410, 0.00443,-0.22457, 0.00080, 0.00846, 0.09402, 0.01231,11.56078,11.56681, 0.08939,2109.41287,-2.24415,-0.09358, 0.09447,
10.90000,164.94777,-1487.96985,-237.93649, 6.03784, 2.51747,-21.22467,13.31488, 0.14914,-0.10663, 2.28673,-0.01768,-0.29805, 0.00039, 0.00409, 0.08697, 0.01216,11.42662,11.46788, 0.08371,2109.41287,-2.24415,-0.09358, 0.09447,
11.00000,166.27116,-1506.98355,-235.85615, 6.24734, 2.51490,-21.25637,13.15301, 0.11586,-0.01815, 1.93284,-0.03248,-0.32645,-0.00000,-0.00038, 0.08016, 0.01201,11.29266,11.36762, 0.07812,2109.41287,-2.24415,-0.09358, 0.09447,
11.10000,167.57840,-1525.96231,-233.75009, 6.41580, 2.51119,-21.28868,12.99171, 0.08390, 0.06731, 1.47262,-0.04079,-0.31078,-0.00038,-0.00465, 0.07368, 0.01187,11.15896,11.26611, 0.07273,2109.41287,-2.24415,-0.09358, 0.09447,
11.20000,168.86953,-1544.90656,-231.62040, 6.53466, 2.50693,-21.31736,12.83099, 0.05370, 0.14463, 0.94108,-0.04342,-0.25472,-0.00073,-0.00847, 0.06762, 0.01172,11.02556,11.16347, 0.06761,2109.41287,-2.24415,-0.09358, 0.09447,
11.30000,170.14461,-1563.81684,-229.46903, 6.59894, 2.50267,-21.33863,12.67086, 0.02566, 0.20953, 0.37557,-0.04114,-0.16424,-0.00106,-0.01162, 0.06202, 0.01157,10.89246,11.05978, 0.06281,2109.41287,-2.24415,-0.09358, 0.09447,
11.40000,171.40371,-1582.69382,-227.29777, 6.60735, 2.49884,-21.34942,12.51128, 0.00002, 0.25875,-0.18672,-0.03473,-0.04709,-0.00135,-0.01395, 0.05692, 0.01142,10.75967,10.95513, 0.05839,2109.41287,-2.24415,-0.09358, 0.09447,
11.50000,172.64689,-1601.53820,-225.10828, 6.56217, 2.49584,-21.34749,12.35223,-0.02300, 0.29020,-0.71107,-0.02488, 0.08779,-0.00161,-0.01535, 0.05235, 0.01128,10.62714,10.84960, 0.05436,2109.41287,-2.24415,-0.09358, 0.09447,
11.60000,173.87417,-1620.35068,-222.90203, 6.46883, 2.49396,-21.33153,12.19361,-0.04332, 0.30304,-1.16719,-0.01229, 0.23092,-0.00183,-0.01580, 0.04831, 0.01113,10.49485,10.74326, 0.05076,2109.41287,-2.24415,-0.09358, 0.09447,
11.70000,175.08562,-1639.13191,-220.68031, 6.33547, 2.49345,-21.30120,12.03537,-0.06087, 0.29761,-1.53090, 0.00244, 0.37287,-0.00202,-0.01532, 0.04481, 0.01098,10.36274,10.63618, 0.04759,2109.41287,-2.24415,-0.09358, 0.09447,
11.80000,176.28126,-1657.88250,-218.44425, 6.17219, 2.49450,-21.25706,11.87739,-0.07567, 0.27539,-1.78523, 0.01871, 0.50486,-0.00217,-0.01400, 0.04183, 0.01084,10.23075,10.52841, 0.04483,2109.41287,-2.24415,-0.09358, 0.09447,
11.90000,177.46111,-1676.60293,-216.19482, 5.99034, 2.49723,-21.20050,11.71960,-0.08777, 0.23879,-1.92103, 0.03600, 0.61928,-0.00229,-0.01196, 0.03934, 0.01069,10.09881,10.42000, 0.04248,2109.41287,-2.24415,-0.09358, 0.09447,
12.00000,178.62518,-1695.29357,-213.93282, 5.80174, 2.50172,-21.13361,11.56187,-0.09729, 0.19099,-1.93711, 0.05383, 0.71007,-0.00238,-0.00938, 0.03733, 0.01055, 9.96684,10.31097, 0.04052,2109.41287,-2.24415,-0.09358, 0.09447,
12.10000,179.77348,-1713.95464,-211.65888, 5.61789, 2.50800,-21.05897,11.40410,-0.10436, 0.13564,-1.83978, 0.07174, 0.77299,-0.00243,-0.00645, 0.03574, 0.01040, 9.83477,10.20138, 0.03891,2109.41287,-2.24415,-0.09358, 0.09447,
12.20000,180.90599,-1732.58622,-209.37354, 5.44931, 2.51605,-20.97953,11.24618,-0.10914, 0.07666,-1.64201, 0.08936, 0.80584,-0.00246,-0.00337, 0.03455, 0.01026, 9.70252,10.09123, 0.03764,2109.41287,-2.24415,-0.09358, 0.09447,
12.30000,182.02271,-1751.18828,-207.07717, 5.30491, 2.52584,-20.89832,11.08801,-0.11181, 0.01795,-1.36224, 0.10632, 0.80838,-0.00247,-0.00034, 0.03372, 0.01011, 9.57001, 9.98055, 0.03666,2109.41287,-2.24415,-0.09358, 0.09447,
12.40000,183.12358,-1769.76065,-204.77003, 5.19158, 2.53729,-20.81831,10.92948,-0.11259,-0.03685,-1.02289, 0.12232, 0.78229,-0.00245, 0.00246, 0.03319, 0.00997, 9.43716, 9.86935, 0.03593,2109.41287,-2.24415,-0.09358, 0.09447,
12.50000,184.20859,-1788.30306,-202.45230, 5.11383, 2.55027,-20.74222,10.77048,-0.11168,-0.08459,-0.64869, 0.13711, 0.73093,-0.00241, 0.00486, 0.03292, 0.00982, 9.30391, 9.75764, 0.03543,2109.41287,-2.24415,-0.09358, 0.09447,
12.60000,185.27766,-1806.81519,-200.12407, 5.07369, 2.56466,-20.67235,10.61094,-0.10930,-0.12270,-0.26505, 0.15047, 0.65903,-0.00236, 0.00675, 0.03287, 0.00967, 9.17018, 9.64543, 0.03511,2109.41287,-2.24415,-0.09358, 0.09447,
12.70000,186.33075,-1825.29665,-197.78536, 5.07072, 2.58031,-20.61049,10.45077,-0.10568,-0.14943, 0.10360, 0.16224, 0.57229,-0.00229, 0.00803, 0.03299, 0.00953, 9.03591, 9.53271, 0.03494,2109.41287,-2.24415,-0.09358, 0.09447,
12.80000,187.36779,-1843.74706,-195.43611, 5.10222, 2.59705,-20.55782,10.28989,-0.10105,-0.16381, 0.43526, 0.17229, 0.47701,-0.00221, 0.00867, 0.03325, 0.00938, 8.90105, 9.41948, 0.03488,2109.41287,-2.24415,-0.09358, 0.09447,
12.90000,188.38870,-1862.16604,-193.07625, 5.16348, 2.61471,-20.51486,10.12824,-0.09561,-0.16570, 0.71157, 0.18056, 0.37960,-0.00212, 0.00866, 0.03360, 0.00923, 8.76554, 9.30574, 0.03491,2109.41287,-2.24415,-0.09358, 0.09447,
13.00000,189.39341,-1880.55324,-190.70566, 5.24825, 2.63310,-20.48152, 9.96576,-0.08958,-0.15577, 0.91877, 0.18700, 0.28624,-0.00203, 0.00805, 0.03401, 0.00908, 8.62936, 9.19149, 0.03499,2109.41287,-2.24415,-0.09358, 0.09447,
13.10000,190.38183,-1898.90840,-188.32422, 5.34919, 2.65205,-20.45711, 9.80244,-0.08316,-0.13535, 1.04821, 0.19164, 0.20247,-0.00193, 0.00691, 0.03444, 0.00893, 8.49247, 9.07671, 0.03511,2109.41287,-2.24415,-0.09358, 0.09447,
13.20000,191.35387,-1917.23132,-185.93177, 5.45843, 2.67137,-20.44043, 9.63822,-0.07652,-0.10638, 1.09663, 0.19452, 0.13287,-0.00183, 0.00534, 0.03487, 0.00878, 8.35484, 8.96140, 0.03523,2109.41287,-2.24415,-0.09358, 0.09447,
13.30000,192.30944,-1935.52189,-183.52819, 5.56803, 2.69090,-20.42987, 9.47310,-0.06984,-0.07120, 1.06601, 0.19575, 0.08090,-0.00173, 0.00347, 0.03527, 0.00863, 8.21647, 8.84555, 0.03534,2109.41287,-2.24415,-0.09358, 0.09447,
13.40000,193.24846,-1953.78010,-181.11334, 5.67055, 2.71047,-20.42354, 9.30707,-0.06324,-0.03238, 0.96315, 0.19543, 0.04867,-0.00164, 0.00144, 0.03562, 0.00847, 8.07736, 8.72916, 0.03543,2109.41287,-2.24415,-0.09358, 0.09447,
13.50000,194.17083,-1972.00603,-178.68711, 5.75944, 2.72994,-20.41941, 9.14015,-0.05688, 0.00743, 0.79890, 0.19372, 0.03693,-0.00154,-0.00062, 0.03590, 0.00832, 7.93750, 8.61223, 0.03548,2109.41287,-2.24415,-0.09358, 0.09447,
13.60000,195.07646,-1990.19985,-176.24941, 5.82939, 2.74917,-20.41546, 8.97233,-0.05083, 0.04567, 0.58729, 0.19079, 0.04515,-0.00145,-0.00258, 0.03610, 0.00817, 7.79690, 8.49474, 0.03548,2109.41287,-2.24415,-0.09358, 0.09447,
13.70000,195.96526,-2008.36180,-173.80017, 5.87662, 2.76806,-20.40975, 8.80366,-0.04520, 0.08005, 0.34444, 0.18682, 0.07153,-0.00137,-0.00433, 0.03622, 0.00801, 7.65559, 8.37669, 0.03543,2109.41287,-2.24415,-0.09358, 0.09447,
13.80000,196.83716,-2026.49218,-171.33934, 5.89898, 2.78651,-20.40059, 8.63415,-0.04003, 0.10866, 0.08742, 0.18200, 0.11329,-0.00129,-0.00576, 0.03624, 0.00786, 7.51358, 8.25808, 0.03532,2109.41287,-2.24415,-0.09358, 0.09447,
13.90000,197.69207,-2044.59131,-168.86693, 5.89602, 2.80444,-20.38663, 8.46384,-0.03537, 0.13006,-0.16687, 0.17653, 0.16684,-0.00122,-0.00680, 0.03617, 0.00770, 7.37091, 8.13892, 0.03515,2109.41287,-2.24415,-0.09358, 0.09447,
14.00000,198.52990,-2062.65956,-166.38295, 5.86889, 2.82180,-20.36686, 8.29277,-0.03125, 0.14334,-0.40271, 0.17058, 0.22809,-0.00116,-0.00743, 0.03601, 0.00754, 7.22759, 8.01920, 0.03492,2109.41287,-2.24415,-0.09358, 0.09447,
14.10000,199.35060,-2080.69727,-163.88745, 5.82017, 2.83855,-20.34075, 8.12099,-0.02766, 0.14818,-0.60651, 0.16435, 0.29271,-0.00110,-0.00761, 0.03575, 0.00738, 7.08367, 7.89892, 0.03462,2109.41287,-2.24415,-0.09358, 0.09447,
14.20000,200.15408,-2098.70477,-161.38051, 5.75365, 2.85466,-20.30817, 7.94854,-0.02459, 0.14478,-0.76753, 0.15798, 0.35642,-0.00105,-0.00737, 0.03540, 0.00723, 6.93918, 7.77810, 0.03427,2109.41287,-2.24415,-0.09358, 0.09447,
14.30000,200.94028,-2116.68237,-158.86224, 5.67398, 2.87014,-20.26941, 7.77545,-0.02202, 0.13385,-0.87831, 0.15161, 0.41527,-0.00101,-0.00674, 0.03498, 0.00707, 6.79414, 7.65672, 0.03385,2109.41287,-2.24415,-0.09358, 0.09447,
14.40000,201.70915,-2134.63030,-156.33279, 5.58635, 2.88499,-20.22513, 7.60178,-0.01991, 0.11652,-0.93503, 0.14538, 0.46586,-0.00097,-0.00580, 0.03448, 0.00691, 6.64860, 7.53481, 0.03339,2109.41287,-2.24415,-0.09358, 0.09447,
14.50000,202.46062,-2152.54875,-153.79230, 5.49614, 2.89922,-20.17631, 7.42756,-0.01822, 0.09427,-0.93742, 0.13936, 0.50549,-0.00093,-0.00461, 0.03391, 0.00675, 6.50258, 7.41237, 0.03287,2109.41287,-2.24415,-0.09358, 0.09447,
14.60000,203.19465,-2170.43786,-151.24096, 5.40856, 2.91287,-20.12414, 7.25284,-0.01689, 0.06877,-0.88865, 0.13365, 0.53233,-0.00090,-0.00327, 0.03329, 0.00659, 6.35611, 7.28940, 0.03230,2109.41287,-2.24415,-0.09358, 0.09447,
14.70000,203.91117,-2188.29767,-148.67896, 5.32832, 2.92597,-20.06997, 7.07764,-0.01589, 0.04181,-0.79488, 0.12827, 0.54545,-0.00087,-0.00187, 0.03262, 0.00642, 6.20922, 7.16592, 0.03169,2109.41287,-2.24415,-0.09358, 0.09447,
14.80000,204.61016,-2206.12820,-146.10653, 5.25940, 2.93854,-20.01517, 6.90200,-0.01515, 0.01516,-0.66469, 0.12326, 0.54483,-0.00085,-0.00049, 0.03190, 0.00626, 6.06194, 7.04193, 0.03104,2109.41287,-2.24415,-0.09358, 0.09447,
14.90000,205.29156,-2223.92937,-143.52389, 5.20485, 2.95063,-19.96110, 6.72594,-0.01462,-0.00955,-0.50841, 0.11862, 0.53131,-0.00083, 0.00077, 0.03115, 0.00610, 5.91429, 6.91746, 0.03035,2109.41287,-2.24415,-0.09358, 0.09447,
15.00000,205.95533,-2241.70111,-140.93128, 5.16661, 2.96227,-19.90896, 6.54950,-0.01426,-0.03090,-0.33736, 0.11433, 0.50648,-0.00081, 0.00185, 0.03037, 0.00594, 5.76629, 6.79250, 0.02964,2109.41287,-2.24415,-0.09358, 0.09447,
15.10000,206.60145,-2259.44326,-138.32894, 5.14549, 2.97351,-19.85979, 6.37270,-0.01402,-0.04777,-0.16309, 0.11038, 0.47255,-0.00079, 0.00269, 0.02957, 0.00578, 5.61795, 6.66707, 0.02889,2109.41287,-2.24415,-0.09358, 0.09447,
15.20000,207.22986,-2277.15570,-135.71715, 5.14120, 2.98436,-19.81437, 6.19555,-0.01386,-0.05938, 0.00334, 0.10673, 0.43215,-0.00077, 0.00325, 0.02875, 0.00561, 5.46930, 6.54119, 0.02812,2109.41287,-2.24415,-0.09358, 0.09447,
15.30000,207.84055,-2294.83826,-133.09615, 5.15240, 2.99486,-19.77321, 6.01807,-0.01375,-0.06533, 0.15205, 0.10333, 0.38816,-0.00075, 0.00352, 0.02792, 0.00545, 5.32035, 6.41487, 0.02734,2109.41287,-2.24415,-0.09358, 0.09447,
15.40000,208.43347,-2312.49079,-130.46621, 5.17689, 3.00503,-19.73651, 5.84029,-0.01367,-0.06560, 0.27487, 0.10014, 0.34350,-0.00073, 0.00350, 0.02708, 0.00529, 5.17111, 6.28811, 0.02653,2109.41287,-2.24415,-0.09358, 0.09447,
15.50000,209.00859,-2330.11316,-127.82761, 5.21176, 3.01490,-19.70422, 5.66221,-0.01359,-0.06053, 0.36573, 0.09712, 0.30096,-0.00072, 0.00321, 0.02624, 0.00512, 5.02160, 6.16094, 0.02572,2109.41287,-2.24415,-0.09358, 0.09447,
15.60000,209.56590,-2347.70529,-125.18061, 5.25363, 3.02446,-19.67598, 5.48385,-0.01349,-0.05075, 0.42094, 0.09422, 0.26303,-0.00070, 0.00268, 0.02540, 0.00496, 4.87182, 6.03336, 0.02489,2109.41287,-2.24415,-0.09358, 0.09447,
15.70000,210.10535,-2365.26710,-122.52548, 5.29890, 3.03374,-19.65122, 5.30522,-0.01337,-0.03717, 0.43924, 0.09141, 0.23175,-0.00068, 0.00196, 0.02455, 0.00480, 4.72180, 5.90539, 0.02406,2109.41287,-2.24415,-0.09358, 0.09447,
15.80000,210.62693,-2382.79858,-119.86249, 5.34397, 3.04275,-19.62921, 5.12634,-0.01321,-0.02087, 0.42174, 0.08866, 0.20864,-0.00066, 0.00111, 0.02371, 0.00463, 4.57154, 5.77704, 0.02323,2109.41287,-2.24415,-0.09358, 0.09447,
15.90000,211.13061,-2400.29974,-117.19191, 5.38549, 3.05148,-19.60906, 4.94723,-0.01303,-0.00303, 0.37175, 0.08595, 0.19459,-0.00064, 0.00019, 0.02287, 0.00447, 4.42106, 5.64833, 0.02239,2109.41287,-2.24415,-0.09358, 0.09447,
16.00000,211.61637,-2417.77066,-114.51401, 5.42052, 3.05994,-19.58985, 4.76789,-0.01280, 0.01514, 0.29437, 0.08325, 0.18990,-0.00062,-0.00074, 0.02204, 0.00430, 4.27037, 5.51926, 0.02156,2109.41287,-2.24415,-0.09358, 0.09447,
16.10000,212.08419,-2435.21144,-111.82906, 5.44670, 3.06813,-19.57066, 4.58835,-0.01254, 0.03248, 0.19609, 0.08057, 0.19425,-0.00060,-0.00161, 0.02121, 0.00414, 4.11948, 5.38985, 0.02074,2109.41287,-2.24415,-0.09358, 0.09447,
16.20000,212.53404,-2452.62221,-109.13731, 5.46239, 3.07605,-19.55061, 4.40862,-0.01225, 0.04796, 0.08434, 0.07790, 0.20679,-0.00058,-0.00239, 0.02039, 0.00397, 3.96841, 5.26012, 0.01992,2109.41287,-2.24415,-0.09358, 0.09447,
16.30000,212.96590,-2470.00313,-106.43904, 5.46668, 3.08371,-19.52894, 4.22871,-0.01192, 0.06074,-0.03309, 0.07525, 0.22620,-0.00056,-0.00301, 0.01958, 0.00381, 3.81716, 5.13007, 0.01911,2109.41287,-2.24415,-0.09358, 0.09447,
16.40000,213.37977,-2487.35438,-103.73450, 5.45944, 3.09110,-19.50505, 4.04864,-0.01156, 0.07017,-0.14854, 0.07262, 0.25081,-0.00054,-0.00346, 0.01878, 0.00364, 3.66576, 4.99972, 0.01832,2109.41287,-2.24415,-0.09358, 0.09447,
16.50000,213.77563,-2504.67615,-101.02396, 5.44126, 3.09823,-19.47851, 3.86844,-0.01117, 0.07587,-0.25491, 0.07003, 0.27876,-0.00052,-0.00372, 0.01799, 0.00347, 3.51421, 4.86908, 0.01753,2109.41287,-2.24415,-0.09358, 0.09447,
16.60000,214.15346,-2521.96863,-98.30765, 5.41338, 3.10511,-19.44908, 3.68811,-0.01075, 0.07770,-0.34612, 0.06748, 0.30804,-0.00050,-0.00377, 0.01720, 0.00331, 3.36254, 4.73816, 0.01675,2109.41287,-2.24415,-0.09358, 0.09447,
16.70000,214.51325,-2539.23198,-95.58584, 5.37758, 3.11173,-19.41673, 3.50767,-0.01029, 0.07580,-0.41741, 0.06499, 0.33674,-0.00047,-0.00364, 0.01643, 0.00314, 3.21075, 4.60697, 0.01599,2109.41287,-2.24415,-0.09358, 0.09447,
16.80000,214.85499,-2556.46637,-92.85877, 5.33600, 3.11811,-19.38160, 3.32713,-0.00980, 0.07050,-0.46554, 0.06256, 0.36305,-0.00045,-0.00333, 0.01566, 0.00298, 3.05886, 4.47554, 0.01524,2109.41287,-2.24415,-0.09358, 0.09447,
16.90000,215.17867,-2573.67193,-90.12669, 5.29104, 3.12424,-19.34402, 3.14652,-0.00927, 0.06234,-0.48891, 0.06020, 0.38546,-0.00043,-0.00288, 0.01491, 0.00281, 2.90689, 4.34386, 0.01450,2109.41287,-2.24415,-0.09358, 0.09447,
17.00000,215.48429,-2590.84877,-87.38984, 5.24514, 3.13015,-19.30444, 2.96585,-0.00870, 0.05199,-0.48757, 0.05790, 0.40277,-0.00040,-0.00232, 0.01417, 0.00265, 2.75483, 4.21195, 0.01376,2109.41287,-2.24415,-0.09358, 0.09447,
17.10000,215.77184,-2607.99696,-84.64845, 5.20067, 3.13583,-19.26341, 2.78512,-0.00808, 0.04024,-0.46311, 0.05567, 0.41419,-0.00038,-0.00170, 0.01343, 0.00248, 2.60271, 4.07982, 0.01304,2109.41287,-2.24415,-0.09358, 0.09447,
17.20000,216.04131,-2625.11656,-81.90277, 5.15974, 3.14128,-19.22155, 2.60436,-0.00742, 0.02789,-0.41844, 0.05349, 0.41933,-0.00035,-0.00105, 0.01271, 0.00231, 2.45054, 3.94749, 0.01232,2109.41287,-2.24415,-0.09358, 0.09447,
17.30000,216.29271,-2642.20760,-79.15301, 5.12415, 3.14652,-19.17949, 2.42357,-0.00670, 0.01575,-0.35757, 0.05135, 0.41822,-0.00033,-0.00042, 0.01199, 0.00215, 2.29832, 3.81496, 0.01162,2109.41287,-2.24415,-0.09358, 0.09447,
17.40000,216.52603,-2659.27006,-76.39942, 5.09522, 3.15155,-19.13784, 2.24277,-0.00594, 0.00457,-0.28528, 0.04924, 0.41128,-0.00030, 0.00015, 0.01128, 0.00198, 2.14607, 3.68224, 0.01091,2109.41287,-2.24415,-0.09358, 0.09447,
17.50000,216.74126,-2676.30393,-73.64222, 5.07381, 3.15637,-19.09715, 2.06197,-0.00513,-0.00504,-0.20675, 0.04715, 0.39926,-0.00027, 0.00064, 0.01058, 0.00182, 1.99379, 3.54935, 0.01021,2109.41287,-2.24415,-0.09358, 0.09447,
17.60000,216.93842,-2693.30917,-70.88162, 5.06022, 3.16098,-19.05788, 1.88117,-0.00428,-0.01255,-0.12723, 0.04504, 0.38319,-0.00024, 0.00102, 0.00989, 0.00165, 1.84150, 3.41630, 0.00951,2109.41287,-2.24415,-0.09358, 0.09447,
17.70000,217.11750,-2710.28574,-68.11786, 5.05429, 3.16538,-19.02037, 1.70039,-0.00338,-0.01765,-0.05175, 0.04291, 0.36429,-0.00022, 0.00127, 0.00920, 0.00148, 1.68920, 3.28309, 0.00881,2109.41287,-2.24415,-0.09358, 0.09447,
17.80000,217.27850,-2727.23360,-65.35116, 5.05536, 3.16956,-18.98484, 1.51964,-0.00245,-0.02016, 0.01527, 0.04074, 0.34387,-0.00019, 0.00139, 0.00851, 0.00132, 1.53691, 3.14975, 0.00812,2109.41287,-2.24415,-0.09358, 0.09447,
17.90000,217.42143,-2744.15270,-62.58173, 5.06239, 3.17353,-18.95138, 1.33893,-0.00148,-0.02009, 0.07018, 0.03851, 0.32327,-0.00016, 0.00137, 0.00782, 0.00115, 1.38463, 3.01627, 0.00742,2109.41287,-2.24415,-0.09358, 0.09447,
18.00000,217.54629,-2761.04301,-59.80980, 5.07403, 3.17726,-18.91995, 1.15828,-0.00049,-0.01760, 0.11031, 0.03620, 0.30375,-0.00013, 0.00123, 0.00714, 0.00099, 1.23238, 2.88267, 0.00672,2109.41287,-2.24415,-0.09358, 0.09447,
18.10000,217.65308,-2777.90451,-57.03558, 5.08872, 3.18077,-18.89037, 0.97768, 0.00052,-0.01301, 0.13407, 0.03382, 0.28642,-0.00010, 0.00098, 0.00645, 0.00082, 1.08015, 2.74896, 0.00602,2109.41287,-2.24415,-0.09358, 0.09447,
18.20000,217.74183,-2794.73721,-54.25930, 5.10483, 3.18402,-18.86238, 0.79716, 0.00154,-0.00672, 0.14100, 0.03135, 0.27220,-0.00007, 0.00065, 0.00576, 0.00065, 0.92797, 2.61515, 0.00532,2109.41287,-2.24415,-0.09358, 0.09447,
18.30000,217.81252,-2811.54111,-51.48117, 5.12070, 3.18703,-18.83563, 0.61673, 0.00255, 0.00076, 0.13171, 0.02879, 0.26175,-0.00004, 0.00027, 0.00507, 0.00049, 0.77585, 2.48125, 0.00461,2109.41287,-2.24415,-0.09358, 0.09447,
18.40000,217.86518,-2828.31626,-48.70141, 5.13484, 3.18978,-18.80973, 0.43640, 0.00356, 0.00890, 0.10778, 0.02615, 0.25546,-0.00001,-0.00015, 0.00438, 0.00032, 0.62379, 2.34727, 0.00390,2109.41287,-2.24415,-0.09358, 0.09447,
18.50000,217.89980,-2845.06271,-45.92025, 5.14591, 3.19226,-18.78424, 0.25619, 0.00456, 0.01713, 0.07160, 0.02343, 0.25343, 0.00002,-0.00057, 0.00369, 0.00016, 0.47182, 2.21323, 0.00320,2109.41287,-2.24415,-0.09358, 0.09447,
18.60000,217.91642,-2861.78054,-43.13790, 5.15288, 3.19446,-18.75874, 0.07611, 0.00554, 0.02494, 0.02621, 0.02065, 0.25550, 0.00005,-0.00096, 0.00299,-0.00001, 0.31993, 2.07913, 0.00249,2109.41287,-2.24415,-0.09358, 0.09447,
18.70000,217.91503,-2878.46983,-40.35460, 5.15502, 3.19639,-18.73285,-0.10382, 0.00649, 0.03186,-0.02501, 0.01781, 0.26125, 0.00008,-0.00130, 0.00228,-0.00017, 0.16815, 1.94498, 0.00177,2109.41287,-2.24415,-0.09358, 0.09447,
18.80000,217.89566,-2895.13068,-37.57056, 5.15195, 3.19802,-18.70623,-0.28358, 0.00742, 0.03752,-0.07850, 0.01493, 0.27007, 0.00010,-0.00157, 0.00158,-0.00034, 0.01649, 1.81080, 0.00106,2109.41287,-2.24415,-0.09358, 0.09447,
18.90000,217.85832,-2911.76320,-34.78601, 5.14365, 3.19937,-18.67859,-0.46316, 0.00831, 0.04163,-0.13076, 0.01203, 0.28119, 0.00013,-0.00177, 0.00087,-0.00050,-0.13504, 1.67659, 0.00035,2109.41287,-2.24415,-0.09358, 0.09447,
19.00000,217.80303,-2928.36750,-32.00119, 5.13041, 3.20043,-18.64977,-0.64255, 0.00918, 0.04403,-0.17861, 0.00913, 0.29374, 0.00016,-0.00187, 0.00015,-0.00067,-0.28642, 1.54237,-0.00036,2109.41287,-2.24415,-0.09358, 0.09447,
19.10000,217.72982,-2944.94369,-29.21631, 5.11282, 3.20120,-18.61964,-0.82172, 0.01002, 0.04468,-0.21932, 0.00623, 0.30682, 0.00019,-0.00188,-0.00056,-0.00083,-0.43764, 1.40815,-0.00107,2109.41287,-2.24415,-0.09358, 0.09447,
19.20000,217.63870,-2961.49187,-26.43160, 5.09171, 3.20168,-18.58822,-1.00065, 0.01083, 0.04363,-0.25078, 0.00335, 0.31955, 0.00021,-0.00181,-0.00128,-0.00100,-0.58868, 1.27393,-0.00179,2109.41287,-2.24415,-0.09358, 0.09447,
19.30000,217.52970,-2978.01213,-23.64730, 5.06808, 3.20187,-18.55557,-1.17933, 0.01161, 0.04105,-0.27159, 0.00050, 0.33113, 0.00024,-0.00165,-0.00199,-0.00116,-0.73953, 1.13973,-0.00250,2109.41287,-2.24415,-0.09358, 0.09447,
19.40000,217.40284,-2994.50457,-20.86363, 5.04302, 3.20178,-18.52185,-1.35775, 0.01238, 0.03719,-0.28108,-0.00231, 0.34087, 0.00027,-0.00144,-0.00271,-0.00132,-0.89018, 1.00557,-0.00321,2109.41287,-2.24415,-0.09358, 0.09447,
19.50000,217.25816,-3010.96925,-18.08082, 5.01764, 3.20141,-18.48726,-1.53589, 0.01313, 0.03237,-0.27935,-0.00507, 0.34825, 0.00029,-0.00118,-0.00343,-0.00149,-1.04061, 0.87145,-0.00392,2109.41287,-2.24415,-0.09358, 0.09447,
19.60000,217.09567,-3027.40623,-15.29911, 4.99301, 3.20077,-18.45207,-1.71373, 0.01387, 0.02695,-0.26718,-0.00779, 0.35291, 0.00032,-0.00088,-0.00414,-0.00165,-1.19082, 0.73738,-0.00462,2109.41287,-2.24415,-0.09358, 0.09447,
19.70000,216.91542,-3043.81555,-12.51872, 4.97009, 3.19985,-18.41656,-1.89125, 0.01460, 0.02129,-0.24595,-0.01045, 0.35471, 0.00034,-0.00058,-0.00486,-0.00181,-1.34078, 0.60337,-0.00533,2109.41287,-2.24415,-0.09358, 0.09447,
19.80000,216.71743,-3060.19726,-9.73988, 4.94967, 3.19868,-18.38100,-2.06845, 0.01533, 0.01575,-0.21753,-0.01308, 0.35367, 0.00037,-0.00029,-0.00557,-0.00198,-1.49048, 0.46944,-0.00604,2109.41287,-2.24415,-0.09358, 0.09447,
19.90000,216.50174,-3076.55137,-6.96281, 4.93235, 3.19724,-18.34569,-2.24531, 0.01607, 0.01069,-0.18411,-0.01566, 0.35000, 0.00039,-0.00003,-0.00629,-0.00214,-1.63992, 0.33559,-0.00674,2109.41287,-2.24415,-0.09358, 0.09447,
20.00000,216.26838,-3092.87790,-4.18776, 4.91848, 3.19555,-18.31086,-2.42181, 0.01680, 0.00636,-0.14808,-0.01821, 0.34405, 0.00042, 0.00020,-0.00700,-0.00230,-1.78909, 0.20184,-0.00745,2109.41287,-2.24415,-0.09358, 0.09447,
